1718500092484 0.14896759044911181 0
1718500137453 0.1554579000387873 1
1718500181481 0.09384749297584806 2
1718500225009 0.044090475354875834 3
1718500267801 0.1407188411269869 4
1718500324872 0.056238295776503425 5
1718500368735 0.08025183422224862 6
1718500413552 0.052059916513306756 7
1718500458395 0.037520507616656165 8
1718500503629 0.08990898409060069 9
1718500559308 0.021419711410999298 10
1718500602095 0.04034694177763803 11
1718500646619 0.043318428099155426 12
1718500690974 0.03449919394084385 13
1718500734063 0.05995230483157294 14
1718500790383 0.0509526537997382 15
1718500833981 0.026272882308278765 16
1718500877112 0.04742446435349328 17
1718500921019 0.032791019550391605 18
1718500964092 0.04183270037174225 19
1718501020634 0.024417531277452196 20
1718501064566 0.005402232919420514 21
1718501109632 0.04537673720291683 22
1718501153577 0.06887610469545637 23
1718501198955 0.05187782645225525 24
1718501255551 0.03794329719884055 25
1718501299792 0.0977814325264522 26
1718501344317 0.11815259286335536 27
1718501388747 0.10251156453575407 28
1718501434459 0.046250972364630015 29
1718501491401 0.030887054545538768 30
1718501534498 0.029667703168732778 31
1718501577741 0.057165439639772685 32
1718501621569 0.037544116377830505 33
1718501664869 0.009232266673019953 34
1718501720283 0.02724647947720119 35
1718501763745 0.01594416903597968 36
1718501804543 0.015362905604498727 37
1718501848781 0.020332751529557363 38
1718501891543 0.035935916006565094 39
1718501948509 0.02703962687935148 40
1718501991235 0.01747628620692662 41
1718502034551 0.022103645971843174 42
1718502079139 0.017230855567114695 43
1718502122454 0.009836553462914057 44
1718502178063 0.015303467001233782 45
1718502222691 0.0902550220489502 46
1718502267114 0.019499558423246657 47
1718502311393 0.018522744732243673 48
1718502354901 0.01584166501249586 49
1718502411048 0.03127271043402808 50
1718502454842 0.008876882493495941 51
1718502497318 0.01102292537689209 52
1718502540630 0.032994630081312995 53
1718502583347 0.006973697670868465 54
