1714856848061 0.31370303593575954 0
1714856852674 0.12573054246604443 1
1714856857306 0.10934421792626381 2
1714856862217 0.0956068579107523 3
1714856871495 0.10082804597914219 4
1714856876015 0.0670793354511261 5
1714856880230 0.10755136422812939 6
1714856885025 0.05381697556003928 7
1714856893923 0.07089578127488494 8
1714856898097 0.08094090968370438 9
1714856902400 0.06872597895562649 10
1714856906959 0.049544231966137886 11
1714856916035 0.03008651826530695 12
1714856920263 0.027865764684975147 13
1714856924562 0.04501688294112682 14
1714856928913 0.04706135392189026 15
1714856938483 0.031131790092331357 16
1714856942983 0.05286229867488146 17
1714856948143 0.0420202910900116 18
1714856952671 0.028457269218051806 19
1714856961070 0.04298924747854471 20
1714856965372 0.01731208711862564 21
1714856969878 0.041846737964078784 22
1714856974390 0.036327198380604386 23
1714856983145 0.025007685646414757 24
1714856987835 0.03168058395385742 25
1714856992395 0.045368704944849014 26
1714856997490 0.03650873899459839 27
1714857006558 0.024435503408312798 28
1714857010896 0.021843213587999344 29
1714857015810 0.05189344100654125 30
1714857020831 0.021930493880063295 31
1714857030897 0.011671064421534538 32
1714857035466 0.02349134790711105 33
1714857039913 0.04094915487803519 34
1714857044342 0.03823386691510677 35
1714857054616 0.015982696786522865 36
1714857059045 0.022527318447828293 37
1714857063825 0.042177810333669186 38
1714857068762 0.023515963228419423 39
1714857078095 0.02865558561461512 40
1714857082646 0.029507405626645777 41
1714857087011 0.024773092940449715 42
1714857091493 0.029210675973445177 43
1714857100684 0.018777960911393166 44
1714857105296 0.019536906853318214 45
1714857109591 0.025020449189469218 46
1714857114052 0.013459781184792519 47
1714857123243 0.036738764494657516 48
1714857127736 0.057296786457300186 49
1714857132302 0.06782565079629421 50
1714857137188 0.030083144083619118 51
1714857146547 0.03686096332967281 52
1714857151300 0.021293818950653076 53
1714857155904 0.01998727023601532 54
1714857160484 0.043503157794475555 55
1714857169169 0.016167558962479234 56
1714857174067 0.05367204360663891 57
1714857178533 0.022307805716991425 58
1714857183070 0.014083009213209152 59
1714857191918 0.012030934914946556 60
1714857196259 0.01888870634138584 61
1714857200736 0.027008088305592537 62
1714857207731 0.024845674633979797 63
1714857220322 0.03377596102654934 64
1714857225045 0.028026502579450607 65
1714857229400 0.024653546512126923 66
1714857234037 0.030019868165254593 67
1714857243306 0.012766610831022263 68
1714857248016 0.014034856110811234 69
1714857252440 0.017098264768719673 70
1714857256919 0.019607476890087128 71
1714857266257 0.011423577554523945 72
1714857270587 0.011689236387610435 73
1714857274864 0.04031931608915329 74
1714857279203 0.0338595868088305 75
1714857287919 0.016537794843316078 76
1714857292151 0.013741354225203395 77
1714857296446 0.023796000867150724 78
1714857300832 0.014138847938738763 79
1714857309711 0.011328386142849922 80
1714857313963 0.027195143047720194 81
1714857318339 0.017848791554570198 82
1714857322715 0.01378692127764225 83
1714857331380 0.011569175869226456 84
1714857335591 0.02258207369595766 85
1714857340086 0.03431287780404091 86
1714857344635 0.03536473214626312 87
1714857353400 0.014114929363131523 88
1714857357705 0.009630508255213499 89
1714857362717 0.0382334569003433 90
1714857367292 0.01084667257964611 91
1714857376228 0.03972725756466389 92
1714857380636 0.014837894588708878 93
1714857385628 0.01150178536772728 94
1714857389931 0.021822502836585045 95
1714857399183 0.010638289153575897 96
1714857403213 0.01242145523428917 97
1714857407828 0.02170391846448183 98
1714857412140 0.024192064069211483 99
1714857420845 0.039141956716775894 100
1714857425298 0.01741708628833294 101
1714857429604 0.012780725955963135 102
1714857433802 0.009396597743034363 103
1714857442649 0.019431503489613533 104
1714857446723 0.012873072177171707 105
1714857451312 0.028249570168554783 106
1714857455676 0.02886861376464367 107
1714857464471 0.00971982255578041 108
1714857467996 0.028784597292542458 109
1714857470743 0.03217117488384247 110
1714857473521 0.0476292259991169 111
1714857479690 0.023483145516365767 112
1714857482411 0.01614916743710637 113
1714857484937 0.005090517923235893 114
1714857487861 0.010984868684317917 115
1714857493910 0.010361133143305779 116
1714857496607 0.021762855350971222 117
1714857499173 0.011796650476753712 118
1714857501658 0.011615224182605743 119
1714857507838 0.02552305907011032 120
1714857511480 0.02094341441988945 121
1714857514032 0.0124745424836874 122
1714857516673 0.020657746121287346 123
1714857522425 0.031870460137724876 124
1714857524989 0.005406884476542473 125
1714857527814 0.01892765611410141 126
1714857530532 0.00649007223546505 127
