1718498995623 0.37408468765871866 0
1718499004494 0.23573286405631474 1
1718499013489 0.2472237359200205 2
1718499023183 0.19847376218863896 3
1718499031996 0.193910790341241 4
1718499045208 0.08653990126081876 5
1718499053790 0.09642342976959688 6
1718499062663 0.11743842384644917 7
1718499071508 0.08148029180509704 8
1718499080155 0.0549224391579628 9
1718499093420 0.06244785391858646 10
1718499102495 0.05208271582211767 11
1718499111199 0.09981556130307061 12
1718499121859 0.04963504735912595 13
1718499130713 0.07357227749058179 14
1718499144285 0.07817144798380989 15
1718499153075 0.06188457246337618 16
1718499161766 0.03391545478786741 17
1718499170511 0.06484524666198663 18
1718499179223 0.05207513006670134 19
1718499192433 0.03956664992230279 20
1718499201212 0.07526744369949613 21
1718499210060 0.09176786350352424 22
1718499219321 0.018508161285093853 23
1718499228102 0.028740834976945604 24
1718499241476 0.039346203207969666 25
1718499250032 0.031176231801509857 26
1718499258869 0.06424321074570928 27
1718499267619 0.04170630233628409 28
1718499276934 0.022589837866170064 29
1718499290192 0.04170468183500426 30
1718499299199 0.07692929889474596 31
1718499308249 0.08121946294392858 32
1718499317099 0.02699126223368304 33
1718499325859 0.034924251692635674 34
1718499339299 0.04600458698613303 35
1718499348514 0.0719173007777759 36
1718499357359 0.04099355850900922 37
1718499366277 0.0356127747467586 38
1718499374880 0.048900374344417026 39
1718499388891 0.03459790987627847 40
1718499397991 0.029150431709630147 41
1718499406706 0.014011867876563753 42
1718499415394 0.02684948912688664 43
1718499425305 0.04082058263676507 44
1718499439676 0.04540406806128366 45
1718499448356 0.0353929198213986 46
1718499457541 0.03402062505483627 47
1718499466158 0.03474994482738631 48
1718499475540 0.05144576941217695 49
1718499488854 0.06644568272999354 50
1718499497653 0.02669606570686613 51
1718499506634 0.07503014377185277 52
1718499515306 0.03496096416243485 53
1718499524349 0.018891913018056324 54
1718499538551 0.05806375614234379 55
1718499548297 0.06903788766690663 56
1718499558177 0.04515378123947552 57
1718499567922 0.020251340099743435 58
