1718492454908 0.3586767954485757 0
1718492463555 0.2706219671028001 1
1718492473660 0.20760520547628403 2
1718492482321 0.2196375440273966 3
1718492490671 0.166021357689585 4
1718492503852 0.15454795956611633 5
1718492511937 0.16328652735267365 6
1718492519996 0.14716386262859618 7
1718492528472 0.11329287929194314 8
1718492536950 0.08858746077333178 9
1718492549961 0.07893558431948934 10
1718492558521 0.11098590599639076 11
1718492566393 0.0702519885131291 12
1718492574463 0.10301801030124937 13
1718492585928 0.13689697427409037 14
1718492599122 0.1060952613396304 15
1718492607180 0.04980298610670226 16
1718492615401 0.11352890517030444 17
1718492623914 0.038390569388866425 18
1718492632286 0.166586163852896 19
1718492645376 0.14021881882633483 20
1718492653217 0.07224030473402568 21
1718492661844 0.06069625807659967 22
1718492669945 0.06328204114522253 23
1718492678035 0.048134319484233856 24
1718492690682 0.035730476890291483 25
1718492698367 0.05782299914530346 26
1718492706131 0.05900045803615025 27
1718492714016 0.12026028015783854 28
1718492722164 0.06996480375528336 29
1718492734748 0.016218057700565884 30
1718492742824 0.016634168369429454 31
1718492750398 0.047542190977505276 32
1718492757926 0.07341750711202621 33
1718492765368 0.022282043738024577 34
1718492777368 0.05264984390565327 35
1718492785436 0.060469262301921844 36
1718492793222 0.06784433871507645 37
1718492801024 0.05680794268846512 38
1718492809371 0.02811577490397862 39
1718492821690 0.05273409400667463 40
1718492829330 0.04358580814940589 41
1718492837058 0.0599184903715338 42
1718492844475 0.031888059207371304 43
