1718517940704 0.14617614980254853 0
1718517948142 0.1289332104580743 1
1718517956053 0.1646601078765733 2
1718517963851 0.10553399952394622 3
1718517971929 0.09205903325762067 4
1718517984398 0.025536962917872837 5
1718517992110 0.15242656533207213 6
1718518003574 0.048981299357754846 7
1718518011957 0.06054354352610452 8
1718518019601 0.11314258724451065 9
1718518031998 0.13067034951278142 10
1718518039914 0.04979939865214484 11
1718518048375 0.07018742710351944 12
1718518055934 0.10810952420745577 13
1718518063503 0.11716379863875252 14
1718518076189 0.06554505228996277 15
1718518085363 0.03323723588671003 16
1718518093258 0.04519033432006836 17
1718518101820 0.09564547027860369 18
1718518109259 0.04598812758922577 19
1718518121969 0.0453220254608563 20
1718518129655 0.0427196068423135 21
1718518137171 0.0519654569881303 22
1718518144841 0.026187663631779805 23
1718518152386 0.023434982768126895 24
1718518164837 0.05538951073374067 25
1718518173183 0.0469124083008085 26
1718518181207 0.043444618582725525 27
1718518188779 0.04813308800969805 28
1718518196648 0.03704041242599487 29
1718518209248 0.03136785115514483 30
1718518222502 0.017484575510025024 31
1718518230358 0.10188031728778567 32
1718518237760 0.03316433621304376 33
1718518245177 0.02320146986416408 34
1718518257529 0.021000312907355174 35
1718518265719 0.01433917454310826 36
1718518273796 0.05498016519205911 37
1718518281379 0.024439318903854916 38
1718518289901 0.03679554057972772 39
1718518302156 0.02705779884542738 40
1718518310801 0.009074138743536813 41
1718518318219 0.021879311118807112 42
1718518326177 0.057977249579770226 43
1718518333665 0.08602101781538554 44
1718518346894 0.031230163361345018 45
1718518354974 0.04965742358139583 46
1718518362212 0.061311419521059306 47
1718518369636 0.0699869351727622 48
1718518377801 0.046018497220107486 49
1718518394497 0.027807833892958506 50
1718518402713 0.021537672196115767 51
1718518410489 0.02662817282336099 52
1718518419330 0.02580570855310985 53
1718518426858 0.01846522412129811 54
1718518440665 0.039879330566951206 55
1718518448511 0.04903188880000796 56
1718518456025 0.07474547624588013 57
1718518463567 0.046572008303233554 58
