1715068949728 0.6360741667449474 0
1715068952382 0.4203662630170584 1
1715068955095 0.31865838542580605 2
1715068957554 0.30210602656006813 3
1715068965170 0.2858632653951645 4
1715068967421 0.2985148970037699 5
1715068969935 0.23008760251104832 6
1715068972200 0.23517805710434914 7
1715068978373 0.21214336529374123 8
1715068980758 0.12764625437557697 9
1715068983036 0.1692087461706251 10
1715068985364 0.13048408925533295 11
1715068992029 0.16816324833780527 12
1715068994356 0.14787917211651802 13
1715068996895 0.20921491086483002 14
1715068999175 0.17231400683522224 15
1715069005053 0.17898433469235897 16
1715069007459 0.1153077743947506 17
1715069009822 0.13978065457195044 18
1715069012186 0.15237236581742764 19
1715069017537 0.09290024172514677 20
1715069020063 0.15997514687478542 21
1715069022622 0.08410369209013879 22
1715069025115 0.12630798667669296 23
1715069032685 0.10373003408312798 24
1715069035107 0.11198411451186985 25
1715069037745 0.1313332598656416 26
1715069040327 0.14556517079472542 27
1715069046794 0.11321036517620087 28
1715069049191 0.10309972707182169 29
1715069051962 0.16298260632902384 30
1715069054458 0.06745394971221685 31
1715069060699 0.11089612543582916 32
1715069063305 0.08570330822840333 33
1715069066053 0.08873214991763234 34
1715069068789 0.11222258349880576 35
1715069074982 0.06540528498589993 36
1715069078009 0.08353216573596 37
1715069080744 0.09385809022933245 38
1715069083337 0.10845726914703846 39
