1718504372601 0.20838738232851028 0
1718504387448 0.13998292599405562 1
1718504402448 0.11442094136561666 2
1718504417685 0.05660239713532584 3
1718504432227 0.0740625975387437 4
1718504453205 0.09799498745373317 5
1718504467816 0.046495310962200165 6
1718504482906 0.06115464653287615 7
1718504497853 0.09386714334998812 8
1718504512221 0.060030068670000346 9
1718504533278 0.05388598569801876 10
1718504548005 0.033144703933170865 11
1718504562922 0.028461400951657976 12
1718504577441 0.08299100292580468 13
1718504592347 0.09282558943544116 14
1718504613699 0.03162084519863129 15
1718504628440 0.06256086485726493 16
1718504645674 0.08964738728744644 17
1718504660881 0.06337341346911021 18
1718504675731 0.06122326212269919 19
1718504697728 0.07140956925494331 20
1718504712257 0.05609714559146336 21
1718504726772 0.034903138875961304 22
1718504741344 0.021612554788589478 23
1718504757970 0.019704974123409817 24
1718504778858 0.018113278916903904 25
1718504793580 0.04294760738100324 26
1718504808601 0.035466172865458896 27
1718504825254 0.029953085950442722 28
1718504840288 0.06122979894280434 29
1718504861436 0.023189337125846317 30
1718504876261 0.03252198227814266 31
1718504891030 0.03928083713565554 32
1718504905629 0.05436597551618304 33
1718504920352 0.07282029730933053 34
1718504941531 0.03930490463972092 35
1718504956475 0.06945772681917463 36
1718504971039 0.018878174679619924 37
1718504986518 0.01751921432358878 38
1718505001470 0.006249781165804181 39
1718505025307 0.03628252446651459 40
1718505039535 0.051620682435376306 41
1718505054088 0.021527902356215885 42
1718505069402 0.015761777758598328 43
1718505085060 0.03896651204143252 44
