1714808244138 0.3608840201050043 0
1714808260203 0.2910092528909445 1
1714808277296 0.11649710685014725 2
1714808294972 0.14345389418303967 3
1714808328758 0.18492209538817406 4
1714808347877 0.12126166699454188 5
1714808367503 0.12169426967739128 6
1714808383651 0.08170015481300652 7
1714808419401 0.08924708515405655 8
1714808436764 0.10862209741026163 9
1714808457318 0.05549201974645257 10
1714808475152 0.06286257598549128 11
1714808510984 0.1114174872636795 12
1714808529804 0.0767111424356699 13
1714808550964 0.09615571796894073 14
1714808569332 0.08075570873916149 15
1714808610907 0.04672110639512539 16
1714808629002 0.05302562192082405 17
1714808649162 0.054254743270576 18
1714808668609 0.0789056047797203 19
1714808706915 0.06840979005210102 20
1714808726180 0.08269112929701805 21
1714808744331 0.021336939185857773 22
1714808764537 0.04797030962072313 23
1714808806052 0.05980357434600592 24
1714808825933 0.08307917416095734 25
1714808850888 0.02048460766673088 26
1714808869272 0.03900901065208018 27
1714808911337 0.04467485100030899 28
1714808930113 0.0503922663629055 29
1714808950249 0.06400915421545506 30
1714808969207 0.024795353412628174 31
1714809008847 0.037510981783270836 32
1714809025645 0.09464438259601593 33
1714809044774 0.09552890807390213 34
1714809066250 0.02474191039800644 35
1714809107237 0.019296706654131413 36
1714809127730 0.040928859263658524 37
1714809146734 0.03996698773698881 38
1714809165722 0.03272097813896835 39
1714809208965 0.030838435515761375 40
1714809230905 0.07087079994380474 41
1714809252855 0.03667614469304681 42
1714809275063 0.034145986661314964 43
1714809317940 0.02051534317433834 44
1714809338855 0.046777797149843536 45
1714809359594 0.02960239350795746 46
1714809380231 0.033175261691212654 47
