1718511448261 0.14001194387674332 0
1718511462503 0.17805568554571696 1
1718511476620 0.19175346195697784 2
1718511490675 0.11766024040324348 3
1718511505804 0.04940752897943769 4
1718511526333 0.03735799129520144 5
1718511540955 0.11577817584787096 6
1718511555496 0.09662739506789617 7
1718511569426 0.07593890173094613 8
1718511583574 0.050674845065389364 9
1718511605183 0.03262321650981903 10
1718511619234 0.06349155732563563 11
1718511633653 0.16427488412175859 12
1718511648397 0.06703101737158638 13
1718511662740 0.004530966281890869 14
1718511683172 0.0792481249996594 15
1718511697675 0.016474844089576175 16
1718511711894 0.015352743012564523 17
1718511726671 0.09027184971741267 18
1718511740997 0.047107539006641934 19
1718511761881 0.0787610752241952 20
1718511776225 0.03553663407053266 21
1718511790714 0.08425272362572807 22
1718511804810 0.04689363922391619 23
1718511819501 0.1546922070639474 24
1718511840391 0.07625773123332433 25
1718511854546 0.024388877408845083 26
1718511868728 0.019302470343453542 27
1718511882886 0.02146142428474767 28
1718511896610 0.21368284736360824 29
1718511916083 0.013026773929595947 30
1718511930158 0.05125156044960022 31
1718511943945 0.05407989025115967 32
1718511957033 0.010563420397894723 33
1718511970430 0.03509800561836788 34
1718511989295 0.003405451774597168 35
1718512002532 0.0268006899527141 36
1718512015593 0.13790428851331984 37
1718512028935 0.03155214445931571 38
1718512041797 0.04371104070118496 39
1718512061094 0.039431137698037286 40
1718512074431 0.0013510159083775111 41
1718512088126 0.026204151766640798 42
1718512101093 0.03485054416315896 43
1718512114629 0.014262565544673375 44
1718512134272 0.009736554963248116 45
1718512147805 0.13702083485467093 46
1718512161449 0.026006213256290982 47
1718512174956 0.08063920480864388 48
1718512188451 0.04446631669998169 49
1718512207421 0.04802481830120087 50
1718512220678 0.08652888025556292 51
1718512236253 0.04400162824562618 52
1718512249779 0.038348415068217685 53
1718512262827 0.03879406835351672 54
1718512281541 0.014093739645821708 55
1718512294700 0.027691149285861423 56
1718512309564 0.038203660930906026 57
1718512323326 0.03785930361066546 58
1718512336914 0.07630392483302526 59
1718512355389 0.008484678609030587 60
1718512368683 0.037674908127103536 61
1718512381792 0.14519310849053518 62
1718512395553 0.05432977846690586 63
1718512408797 0.3094657212495804 64
1718512427868 0.04126490652561188 65
1718512441171 0.04286045687539237 66
1718512454777 0.025684194905417308 67
1718512468524 0.006528317928314209 68
1718512481916 0.008526827607836043 69
1718512501193 0.0 70
1718512514680 0.004710853099822998 71
1718512527766 0.03501009941101074 72
1718512541500 0.0 73
1718512555714 0.013631988848958696 74
