1714847603720 0.3885755892843008 0
1714847606382 0.16013836301863194 1
1714847609242 0.1375181581825018 2
1714847612029 0.10240867175161839 3
1714847617934 0.09888159483671188 4
1714847620558 0.08741233684122562 5
1714847623369 0.09267085324972868 6
1714847626359 0.07959442213177681 7
1714847632216 0.09270967962220311 8
1714847634943 0.03944997861981392 9
1714847637770 0.08496801927685738 10
1714847640794 0.04897749036899768 11
1714847646839 0.050992450676858425 12
1714847649669 0.09974349848926067 13
1714847652561 0.07805170677602291 14
1714847655265 0.06936221104115248 15
1714847661196 0.028869325295090675 16
1714847664056 0.03416376141831279 17
1714847666918 0.08136721700429916 18
1714847669743 0.03650486352853477 19
1714847675857 0.05108803138136864 20
1714847678799 0.09430986270308495 21
1714847681671 0.051592931151390076 22
1714847684384 0.037684302777051926 23
1714847690126 0.07215098477900028 24
1714847693189 0.055371999740600586 25
1714847696386 0.042637383565306664 26
1714847699383 0.03256974369287491 27
1714847705619 0.04574136342853308 28
1714847708464 0.03889800049364567 29
1714847711230 0.040285807102918625 30
1714847714423 0.017685893923044205 31
1714847720815 0.01700071501545608 32
1714847723627 0.05204375321045518 33
1714847726810 0.03270585578866303 34
1714847729767 0.03422915004193783 35
1714847735810 0.05947740189731121 36
1714847738812 0.034346019849181175 37
1714847741653 0.02691684104502201 38
1714847744720 0.020723504945635796 39
1714847750886 0.04702108050696552 40
1714847753698 0.003278307616710663 41
1714847756734 0.013806285336613655 42
1714847759678 0.052067169919610023 43
1714847765877 0.03421118773985654 44
1714847768876 0.04396868869662285 45
1714847771867 0.030070849461480975 46
1714847775182 0.03435034304857254 47
1714847783073 0.041236067190766335 48
1714847785918 0.014455541968345642 49
1714847789004 0.02960277535021305 50
1714847792277 0.042668181005865335 51
1714847798735 0.043338242918252945 52
1714847801542 0.02667916566133499 53
1714847804621 0.03832416236400604 54
1714847807630 0.03134271875023842 55
1714847813991 0.02011183835566044 56
1714847816963 0.020540979341603816 57
1714847819995 0.020103540271520615 58
1714847822943 0.02145753614604473 59
1714847829038 0.03147030062973499 60
1714847832030 0.024434303864836693 61
1714847835022 0.028171122074127197 62
1714847837965 0.045463583432137966 63
