1718529897267 0.23173507196562632 0
1718529905473 0.12737087905406952 1
1718529911462 0.13096201845577785 2
1718529917414 0.1024302105818476 3
1718529923437 0.1597710411463465 4
1718529933406 0.07398340638194766 5
1718529939521 0.08566928122724805 6
1718529945253 0.08411983932767596 7
1718529951054 0.08628779756171363 8
1718529957271 0.0832124160868781 9
1718529967802 0.0764499381184578 10
1718529973379 0.10373633354902267 11
1718529979139 0.1129248993737357 12
1718529985140 0.09433874381440026 13
1718529991010 0.05650972468512399 14
1718530002152 0.05101247238261359 15
1718530008467 0.04902380704879761 16
1718530018861 0.0975680308682578 17
1718530025187 0.06730407902172633 18
1718530031178 0.08751269882278782 19
1718530041114 0.06190212709563119 20
1718530046823 0.053951317710535865 21
1718530053006 0.024769167814935957 22
1718530059016 0.052858770093215365 23
1718530064965 0.04862093073981149 24
1718530074829 0.04285539260932377 25
1718530081850 0.06334466593606132 26
1718530087567 0.03267771005630493 27
1718530093549 0.0215461009315082 28
1718530100128 0.0324584213750703 29
1718530110158 0.05174149998596737 30
1718530116640 0.07075494314943041 31
1718530122950 0.012092194386890956 32
1718530129002 0.04450935125350952 33
1718530134985 0.05649949823107038 34
1718530144952 0.057805443448679786 35
1718530150909 0.03748037453208651 36
1718530156498 0.014619597366877965 37
1718530162721 0.049805447459220886 38
1718530168986 0.056542480630534034 39
1718530179125 0.05354877029146467 40
1718530185290 0.058602358613695414 41
1718530191408 0.024725074214594706 42
1718530197505 0.0275506568806512 43
1718530203814 0.017810281898294176 44
1718530213609 0.021846110267298564 45
1718530219432 0.07107804077012199 46
1718530225602 0.0437608574117933 47
1718530231869 0.003334522247314453 48
1718530238498 0.02506044719900404 49
1718530248692 0.04541347920894623 50
1718530254703 0.01314023243529456 51
1718530260565 0.007844791880675725 52
1718530267795 0.026667164904730662 53
1718530274041 0.045589057462556024 54
