1714834984970 0.5688578896224499 0
1714834988173 0.3705340586602688 1
1714834991569 0.3226485624909401 2
1714834994644 0.27402330935001373 3
1714835001051 0.2827705666422844 4
1714835004232 0.2422083020210266 5
1714835007291 0.18931811582297087 6
1714835010266 0.22436795104295015 7
1714835016947 0.18441911414265633 8
1714835020020 0.22648339718580246 9
1714835023134 0.21555879339575768 10
1714835026280 0.2624620124697685 11
1714835034076 0.1589371431618929 12
1714835037381 0.24748038686811924 13
1714835040621 0.13583590276539326 14
1714835043829 0.1753985220566392 15
