1718467897936 0.34886413546545164 0
1718467902920 0.16902455088815518 1
1718467907609 0.12831710278987885 2
1718467912472 0.05342416997466769 3
1718467917397 0.08660267592806901 4
1718467925805 0.10158465376922063 5
1718467930452 0.10572127891438347 6
1718467938215 0.05975003221205303 7
1718467942995 0.04807956889271736 8
1718467947802 0.03225148682083402 9
1718467956497 0.06495410523244313 10
1718467961082 0.05836850990142141 11
1718467966687 0.02677208185195923 12
1718467971714 0.061346358486584256 13
1718467976394 0.046967681497335434 14
1718467985229 0.042892454990318844 15
1718467991473 0.06461842464549201 16
1718467997156 0.016320436128548214 17
1718468001840 0.02182678984744208 18
1718468006739 0.030486801905291423 19
1718468015507 0.023182015333856856 20
1718468020973 0.020423507583992823 21
1718468025787 0.011149240391595023 22
1718468030831 0.02555469955716814 23
1718468037411 0.03176118273820196 24
1718468045907 0.05379282044512885 25
1718468050541 0.01606689074209758 26
1718468056154 0.026959217552627836 27
1718468060597 0.043893982257161825 28
1718468065156 0.024165221623011997 29
1718468073767 0.034119987860322 30
1718468078794 0.07886497782809394 31
1718468083969 0.036638040627752035 32
1718468089137 0.0616104890193258 33
1718468093782 0.05876296120030539 34
1718468102339 0.013390225491353444 35
1718468106857 0.02120547049811908 36
1718468112401 0.02301590969519956 37
1718468117336 0.023579572460481098 38
1718468122670 0.02851861928190504 39
1718468131193 0.030683359929493496 40
1718468135894 0.029764435653175627 41
1718468140939 0.035445160631622584 42
1718468145837 0.025547141475336894 43
1718468150969 0.01589795627764293 44
1718468159746 0.027071259915828705 45
1718468164691 0.04229683907968657 46
1718468169239 0.02861003258398601 47
1718468173740 0.03333498537540436 48
1718468179063 0.033092020877770016 49
1718468187670 0.03591405387435641 50
1718468192342 0.026841542018311366 51
1718468196942 0.003527030348777771 52
1718468202013 0.017692072050912038 53
