1714848160273 0.4525018371641636 0
1714848162959 0.2510358989238739 1
1714848165492 0.22589991055428982 2
1714848168129 0.20503200963139534 3
1714848174098 0.13119307113811374 4
1714848176756 0.11175584606826305 5
1714848179605 0.1271668653935194 6
1714848182446 0.11508926004171371 7
1714848188374 0.10349860787391663 8
1714848191132 0.09793379809707403 9
1714848194015 0.07767536118626595 10
1714848196793 0.10329059977084398 11
1714848203006 0.06310304025828373 12
1714848206146 0.08497743867337704 13
1714848208879 0.09263519011437893 14
1714848211759 0.062199137231800705 15
1714848218136 0.035115099512040615 16
1714848221051 0.09720572642982006 17
1714848224049 0.0640930263325572 18
1714848227008 0.028517283499240875 19
1714848233140 0.07416167296469212 20
1714848236141 0.04405367863364518 21
1714848239485 0.07242091000080109 22
1714848242230 0.07022185437381268 23
1714848248645 0.05144361685961485 24
1714848251652 0.09321130253374577 25
1714848254468 0.08923719264566898 26
1714848257665 0.09012553375214338 27
1714848263914 0.05687042139470577 28
1714848267882 0.06194557435810566 29
1714848270967 0.045020319521427155 30
1714848274037 0.025963316729757935 31
1714848280519 0.0419432925991714 32
1714848283550 0.05701383575797081 33
1714848286640 0.03365227393805981 34
1714848289556 0.05676094722002745 35
1714848295746 0.036407662788406014 36
1714848298708 0.04924408532679081 37
1714848301892 0.03694683499634266 38
1714848304923 0.04943448305130005 39
1714848311313 0.03873535804450512 40
1714848314322 0.058903587982058525 41
1714848317215 0.06088141235522926 42
1714848320672 0.029328569769859314 43
1714848327015 0.05820700339972973 44
1714848330122 0.028243156149983406 45
1714848333352 0.057034168392419815 46
1714848336541 0.04552289471030235 47
1714848343091 0.04214942129328847 48
1714848345862 0.043009473010897636 49
1714848348824 0.07060647197067738 50
1714848352237 0.04536669049412012 51
1714848358440 0.039877476170659065 52
1714848361472 0.04434175090864301 53
1714848364469 0.05660281330347061 54
1714848367704 0.019040333107113838 55
1714848374308 0.027088887989521027 56
1714848377474 0.023155991279054433 57
1714848380724 0.020002230303362012 58
1714848383662 0.030974339693784714 59
1714848390114 0.05680192215368152 60
1714848393249 0.0272231288254261 61
1714848396197 0.04483250714838505 62
1714848398875 0.05560744367539883 63
