1734118197926 0.29857049882411957 0
1734118217086 0.2614685859945085 1
1734118235955 0.1890677942170037 2
1734118254435 0.19223109011848769 3
1734118286061 0.24058389912048975 4
1734118321441 0.25360917755299145 5
1734118340233 0.25112589821219444 6
1734118359589 0.2316242480624674 7
1734118378303 0.1928913982378112 8
1734118397159 0.2805342281030284 9
1734118431974 0.1842255877951781 10
1734118450858 0.19782408451040587 11
1734118470002 0.27430053655472064 12
1734118489195 0.10515850492649609 13
1734118508398 0.18712691445317534 14
1734118543937 0.21806699648085567 15
1734118562852 0.20990759651694033 16
1734118581868 0.22221424596177208 17
1734118600892 0.23689208469457096 18
1734118620294 0.16603943214027417 19
1734118655754 0.0868118695086903 20
1734118674375 0.10233459497491519 21
1734118693192 0.13559525666965377 22
1734118712469 0.10516245725254218 23
1734118733612 0.133333258330822 24
1734118770071 0.07523374712198144 25
1734118792581 0.1125976379132933 26
1734118811489 0.11256179761969382 27
1734118830613 0.08741771264208688 28
1734118849976 0.1686918209824297 29
1734118886865 0.10590204255034526 30
1734118905891 0.06786212821801503 31
1734118925199 0.11425605113618076 32
1734118944229 0.14323727620972526 33
1734118963558 0.03731851212473379 34
1734119000232 0.1353942971262667 35
1734119019287 0.2220081297887696 36
1734119038110 0.17511430258552232 37
1734119057060 0.12607219111588266 38
1734119076612 0.08875493208567302 39
1734119115400 0.07132809572956628 40
1734119134969 0.08030693530518976 41
1734119154457 0.05481740811632739 42
1734119173705 0.15472774083415666 43
1734119193161 0.07476973099013169 44
1734119229284 0.14239368070330885 45
1734119248892 0.07189802777591264 46
1734119267536 0.08007543257230686 47
