1734116804749 0.10326340401338206 0
1734116821568 0.04971839839385615 1
1734116838253 0.06218881511853801 2
1734116855575 0.11309801869922215 3
1734116872194 0.04255267797917542 4
1734116904341 0.04765873091916243 5
1734116920740 0.039664480162577495 6
1734116936935 0.0869042809224791 7
1734116953586 0.046792109962552786 8
1734116969960 0.02426943017376794 9
1734117001876 0.053608949658357434 10
1734117019588 0.009714779961440299 11
1734117036884 0.058821390486425824 12
1734117053514 0.04570669626506666 13
1734117070060 0.046382061309284635 14
1734117102803 0.061264644687374435 15
1734117119206 0.029883764684200287 16
1734117135652 0.05169511751996146 17
1734117152313 0.05374360063837634 18
1734117168988 0.02917758644455009 19
1734117201349 0.029954583034850657 20
1734117217804 0.06338221052040656 21
1734117234606 0.03285386423683829 22
1734117250966 0.05640921565807528 23
1734117267270 0.042835879863964185 24
1734117299378 0.04807651539643606 25
1734117317166 0.06442155088815424 26
1734117334899 0.04654122692429357 27
1734117351934 0.03426563788929747 28
1734117368784 0.07576156469682853 29
1734117402307 0.041825113404128283 30
1734117418519 0.02397821077869998 31
