1718497544196 0.5112864992448262 0
1718497550497 0.36228969054562704 1
1718497557514 0.16557864206177847 2
1718497563911 0.1894068004829543 3
1718497570229 0.17786416517836706 4
1718497581069 0.1570978005017553 5
1718497587815 0.18797679245471954 6
1718497594642 0.1559320709535054 7
1718497600824 0.0939387498157365 8
1718497607076 0.06854134904486793 9
1718497618069 0.18071359183107102 10
1718497624648 0.05673408401863916 11
1718497631763 0.104210407606193 12
1718497638603 0.1222948921578271 13
1718497645104 0.09217225228037153 14
1718497655852 0.0615462852375848 15
1718497662451 0.03433488415820258 16
1718497669166 0.07695116528442927 17
1718497675210 0.07236750956092562 18
1718497681611 0.0530903765133449 19
1718497693866 0.06059577954666955 20
1718497700497 0.05598141731960433 21
1718497706513 0.0899839395923274 22
1718497713097 0.10884190031460353 23
1718497719548 0.11583762403045382 24
1718497730677 0.04237285682133266 25
1718497737795 0.03618743057761874 26
1718497744409 0.10204701551369258 27
1718497752352 0.03622055798768997 28
1718497758717 0.11575538518705539 29
1718497769726 0.020882297839437212 30
1718497776086 0.050163134932518005 31
1718497786648 0.04980935688529696 32
1718497793006 0.05082884643759046 33
1718497800374 0.05694931319781712 34
1718497811736 0.02493839604513986 35
1718497818262 0.036310959075178416 36
1718497825355 0.03445661387273243 37
1718497831429 0.025806439242192676 38
1718497837580 0.03868333250284195 39
1718497849072 0.041891983577183316 40
1718497855490 0.047184711056096215 41
1718497861923 0.00966663658618927 42
1718497868681 0.037542534726006646 43
1718497878649 0.05195259622165135 44
1718497889791 0.053011668579919 45
1718497896256 0.02064861250775201 46
1718497903086 0.0212069143142019 47
1718497909228 0.03330740651914051 48
1718497915390 0.045151865908077786 49
1718497926711 0.08731822882379804 50
1718497933637 0.05443957235131945 51
1718497940110 0.017903042691094533 52
1718497946782 0.06908060823168073 53
1718497953292 0.005599460431507656 54
1718497963811 0.01678099696125303 55
1718497970219 0.02986946382692882 56
1718497976558 0.08097251717533384 57
1718497983195 0.04056129711014884 58
1718497989708 0.05921580748898642 59
1718498000479 0.017973750829696655 60
1718498006842 0.04823805391788483 61
1718498013265 0.04524692254407065 62
