1714856135497 0.361664648167789 0
1714856138280 0.20496057346463203 1
1714856140828 0.1796439925674349 2
1714856143552 0.11335224192589521 3
1714856149597 0.09646561648696661 4
1714856152089 0.08707986399531364 5
1714856154640 0.058029755717143416 6
1714856157502 0.07499448489397764 7
1714856163741 0.0821125153452158 8
1714856166415 0.10152817901689559 9
1714856168951 0.05670867394655943 10
1714856171710 0.05079791322350502 11
1714856177448 0.08763905614614487 12
1714856180414 0.05294965021312237 13
1714856183076 0.05736974813044071 14
1714856185634 0.08392017893493176 15
1714856191644 0.04180920426733792 16
1714856194464 0.07100291550159454 17
1714856197118 0.024199701845645905 18
1714856199944 0.06823418918065727 19
1714856206085 0.043752436293289065 20
1714856208731 0.0577453076839447 21
1714856211391 0.054472352378070354 22
1714856213977 0.055183764547109604 23
1714856220182 0.06796988658607006 24
1714856223107 0.03327720798552036 25
1714856225823 0.08746369509026408 26
1714856228647 0.05501226847991347 27
1714856234721 0.05349845066666603 28
1714856237460 0.035784161009360105 29
1714856240221 0.06705096922814846 30
1714856243317 0.05448802839964628 31
1714856249607 0.05732572381384671 32
1714856252608 0.023245682939887047 33
1714856255314 0.046366140246391296 34
1714856258214 0.04709135042503476 35
1714856264357 0.07713663764297962 36
1714856267211 0.042537322733551264 37
1714856269980 0.03866725601255894 38
1714856273123 0.06996308267116547 39
1714856279473 0.0367940291762352 40
1714856282363 0.040995375253260136 41
1714856285242 0.025790611281991005 42
1714856288559 0.036216363310813904 43
1714856294727 0.024164296686649323 44
1714856297488 0.04031997546553612 45
1714856300332 0.010519171133637428 46
1714856303259 0.07472375221550465 47
1714856309791 0.029769424349069595 48
1714856312928 0.042870451929047704 49
1714856317367 0.06996191293001175 50
1714856321526 0.03849143674597144 51
1714856331172 0.013171448139473796 52
1714856335735 0.020661070942878723 53
1714856340034 0.022236192598938942 54
1714856344450 0.0418547373265028 55
1714856353639 0.04806363908573985 56
1714856358083 0.01775961183011532 57
1714856362475 0.03206993080675602 58
1714856367125 0.021741151809692383 59
1714856377181 0.02268637903034687 60
1714856382066 0.022145839408040047 61
1714856386503 0.041994680650532246 62
1714856390893 0.017003310844302177 63
1714856400219 0.030965245328843594 64
1714856404437 0.008425738662481308 65
1714856409394 0.013860853388905525 66
1714856413771 0.03394208289682865 67
1714856423681 0.03671038709580898 68
1714856428195 0.08177567087113857 69
1714856432550 0.02841142751276493 70
1714856437432 0.030291123315691948 71
1714856447037 0.06637217476963997 72
1714856451461 0.024899853393435478 73
1714856456180 0.018356189131736755 74
1714856461213 0.027286751195788383 75
1714856470190 0.02590000629425049 76
1714856475275 0.034490916877985 77
1714856482640 0.04292142763733864 78
1714856487114 0.020732294768095016 79
1714856495993 0.014043344184756279 80
1714856500843 0.04990202537737787 81
1714856505025 0.01585283689200878 82
1714856509620 0.014999767765402794 83
1714856519136 0.04987714812159538 84
1714856523638 0.014036500826478004 85
1714856528091 0.026485625654459 86
1714856532974 0.04322531633079052 87
1714856541725 0.024602822959423065 88
1714856546075 0.024649959057569504 89
1714856550424 0.041920119896531105 90
1714856554921 0.01628471165895462 91
1714856563503 0.02466173656284809 92
1714856568108 0.019423557445406914 93
1714856572143 0.025885645300149918 94
1714856576424 0.01700875721871853 95
1714856585942 0.030247991904616356 96
1714856590521 0.021269093500450253 97
1714856594903 0.011666944483295083 98
1714856599298 0.02254310017451644 99
1714856608555 0.018978269770741463 100
1714856613176 0.03258406184613705 101
1714856617726 0.0012493804097175598 102
1714856622462 0.04547037556767464 103
1714856631837 0.028534486889839172 104
1714856636744 0.02017989754676819 105
1714856643397 0.019454309716820717 106
1714856648406 0.03327298676595092 107
1714856657960 0.0257729385048151 108
1714856663687 0.011622027261182666 109
1714856668621 0.05126835033297539 110
1714856673585 0.02058926410973072 111
1714856683216 0.007284589111804962 112
1714856688229 0.03673859126865864 113
1714856693218 0.04690027795732021 114
1714856697711 0.03008529730141163 115
1714856707216 0.014509474858641624 116
1714856711856 0.021407535299658775 117
1714856717040 0.01878453604876995 118
1714856721441 0.002010997384786606 119
1714856730560 0.01603735238313675 120
1714856735234 0.0258253151550889 121
1714856740042 0.03072056546807289 122
1714856744728 0.02677900530397892 123
1714856754876 0.00919896736741066 124
1714856759809 0.03722490184009075 125
1714856764480 0.031007204204797745 126
1714856769525 0.016141965985298157 127
