1718483306391 0.2547625313912119 0
1718483311185 0.13864684849977493 1
1718483315973 0.09104974408234869 2
1718483320841 0.13707232901028224 3
1718483325334 0.07128370659691947 4
1718483333660 0.10903854242392949 5
1718483338400 0.10613574406930379 6
1718483343658 0.06095794854419572 7
1718483347946 0.10616039058991841 8
1718483353665 0.07833009745393481 9
1718483362270 0.047693218503679545 10
1718483366983 0.07727362588047981 11
1718483371598 0.02132535512958254 12
1718483377125 0.06456150220973152 13
1718483381870 0.021755628819976534 14
1718483392387 0.05682091361710003 15
1718483396948 0.05339605999844415 16
1718483401586 0.04240069165825844 17
1718483406868 0.05269248570714678 18
1718483411670 0.04378745864544596 19
1718483419587 0.021660078849111284 20
1718483424101 0.06862397811242513 21
1718483428492 0.058454536965915134 22
1718483433099 0.05050149240664074 23
1718483438043 0.04597473463841847 24
1718483446776 0.02160357577460153 25
1718483451435 0.04745592602661678 26
1718483456319 0.01942094841173717 27
1718483461310 0.041560444448675425 28
1718483467143 0.01590493747166225 29
1718483475365 0.051092562930924554 30
1718483480087 0.016695222684315274 31
1718483484586 0.08321794654641833 32
1718483489604 0.05141450358288629 33
1718483494192 0.054706472903490067 34
1718483503067 0.020911640354565213 35
1718483507915 0.03890496013419969 36
1718483512814 0.04740654943244798 37
1718483517249 0.07161899656057358 38
1718483522234 0.02561704707997186 39
1718483530679 0.03465082389967782 40
