1718507787589 0.3636590987443924 0
1718507792216 0.22163192395653045 1
1718507797239 0.251786259668214 2
1718507801809 0.1750053678240095 3
1718507807001 0.09673403629234859 4
1718507815998 0.11095666672502245 5
1718507821324 0.12554886511393956 6
1718507826293 0.07962184825113841 7
1718507831174 0.15532381406852178 8
1718507835691 0.08000678675515312 9
1718507844297 0.07042342956577029 10
1718507852126 0.10848945059946605 11
1718507856606 0.06311111471482686 12
1718507861607 0.05291400743382318 13
1718507866603 0.03225677353995187 14
1718507874915 0.050183692148753574 15
1718507880540 0.05488783972603934 16
1718507885239 0.08146397769451141 17
1718507890472 0.0580940054995673 18
1718507895367 0.07224074112517494 19
1718507903971 0.04661959462932178 20
1718507908839 0.02826542087963649 21
1718507913550 0.057929412594863346 22
1718507918648 0.042014311466898234 23
1718507923526 0.07320038335663932 24
1718507932208 0.06877332925796509 25
1718507936888 0.04557943397334644 26
1718507942027 0.053684315511158535 27
1718507947332 0.02464379370212555 28
1718507952459 0.03208947840279767 29
1718507960870 0.033795517470155446 30
1718507965747 0.06852823282991137 31
1718507970803 0.04943128462348666 32
1718507975712 0.07224709221294948 33
1718507981114 0.015491592032568795 34
1718507989646 0.03533909363406045 35
1718507994160 0.05404093435832432 36
1718507999415 0.05254176791225161 37
1718508004817 0.018232842641217367 38
1718508009743 0.03711001468556268 39
1718508018527 0.015302760260445731 40
1718508023468 0.03754718069519315 41
1718508028196 0.03801733787570681 42
1718508033049 0.09171370842627116 43
1718508037751 0.04693549658570971 44
1718508046460 0.04457774545465197 45
1718508051355 0.04387749305793217 46
