1718502613062 0.14373615703412465 0
1718502618560 0.17830871684210642 1
1718502624118 0.25144542115075247 2
1718502629946 0.15184095714773452 3
1718502635265 0.19679494627884456 4
1718502644340 0.2138700165918895 5
1718502649453 0.11102616786956787 6
1718502654678 0.08296602645090648 7
1718502660122 0.08661123072462422 8
1718502665638 0.12357716262340546 9
1718502674607 0.09124392696789332 10
1718502679928 0.18982293563229696 11
1718502685494 0.07830224079745156 12
1718502690499 0.04308603597538812 13
1718502695413 0.057755984365940094 14
1718502704175 0.05138797100101199 15
1718502709327 0.139424024948052 16
1718502714820 0.05855487606355122 17
1718502720293 0.06792500615119934 18
1718502725695 0.08178636005946568 19
1718502734572 0.06960708967276982 20
1718502739784 0.03958873663629804 21
1718502744988 0.11003844652857099 22
1718502750166 0.12610734786306108 23
1718502755940 0.07908820680209569 24
1718502764932 0.1444089881011418 25
1718502770459 0.010639883577823639 26
1718502775475 0.0768003740480968 27
1718502780511 0.1396488015140806 28
1718502786102 0.09093683745179858 29
1718502794983 0.13144859778029577 30
1718502800341 0.05981582190309252 31
1718502805691 0.029877801026616777 32
1718502811080 0.10858679030622755 33
1718502816326 0.0899408757686615 34
1718502825816 0.05001190198319299 35
1718502830906 0.026020786591938565 36
1718502836365 0.09267186267035347 37
1718502841433 0.08916145297033447 38
1718502846716 0.05643904422010694 39
1718502855775 0.029583842626639774 40
1718502860880 0.03247801746640887 41
1718502866129 0.1591810371194567 42
1718502872113 0.03195192984172276 43
1718502877269 0.04208125386919294 44
1718502886516 0.08560597045081002 45
1718502892078 0.04357778174536569 46
1718502897771 0.07101589121988841 47
1718502903333 0.09111862310341426 48
1718502908807 0.0380327616419111 49
1718502917950 0.07647240587643214 50
1718502923380 0.014036898102079119 51
1718502929084 0.014945519821984428 52
1718502934361 0.012611184801374162 53
1718502939885 0.07602148662720408 54
1718502948771 0.05528298658984048 55
1718502961702 0.1151795866233962 56
1718502966852 0.08495423729930605 57
1718502972330 0.11011019561971937 58
1718502977483 0.0032857528754643033 59
1718502986061 0.021649770438671112 60
1718502991800 0.11939262066568647 61
1718502996914 0.034992288265909464 62
1718503002823 0.12918349036148616 63
1718503007904 0.04509139486721584 64
1718503018642 0.0917905792593956 65
1718503024901 0.11546121324811663 66
1718503030859 0.03602250133241926 67
