1718484043172 0.4141175406319754 0
1718484047770 0.3160912351948874 1
1718484052447 0.14724221612725938 2
1718484057049 0.1341533964233739 3
1718484061494 0.11951585453269738 4
1718484069800 0.08807161663259779 5
1718484074954 0.08112173154950142 6
1718484079619 0.12125131381409508 7
1718484084197 0.08392772078514099 8
1718484088421 0.09836672352893013 9
1718484096440 0.07642215330685888 10
1718484101102 0.09642648909773145 11
1718484105766 0.0696953513792583 12
1718484110209 0.057570815086364746 13
1718484114966 0.09118957391807012 14
1718484123729 0.059007635074002404 15
1718484128420 0.05814165302685329 16
1718484133457 0.04865813148873193 17
1718484138135 0.04093540406652859 18
1718484142749 0.029751136366810118 19
1718484150500 0.029108415224722455 20
1718484155342 0.07338955359799522 21
1718484160029 0.07946031434195382 22
1718484164351 0.08103069237300328 23
1718484168850 0.026864884687321528 24
1718484179813 0.026422464421817234 25
1718484185279 0.1273935575570379 26
1718484189753 0.030337953673941747 27
1718484194452 0.039086936839989254 28
1718484199005 0.03427725923912866 29
1718484207437 0.08624381412352834 30
1718484212640 0.04913873438324247 31
1718484217503 0.008638352155685425 32
1718484221745 0.03297380145106997 33
1718484226171 0.04699759078877313 34
1718484234215 0.035501229975904734 35
1718484238704 0.027187369231666838 36
1718484243489 0.05054107627698353 37
1718484247962 0.019831019852842604 38
1718484252279 0.028917419058935984 39
1718484261420 0.02824141670550619 40
1718484265773 0.05047324086938586 41
1718484274797 0.046733376170907705 42
1718484279380 0.028883568942546844 43
1718484283800 0.02436958040509905 44
1718484291857 0.0203544305903571 45
1718484296351 0.0404906938118594 46
1718484302118 0.060340014951569695 47
1718484306844 0.03581548961145537 48
1718484311523 0.026650018990039825 49
1718484319562 0.0410489376102175 50
1718484323928 0.02862237500292914 51
1718484328475 0.03820456990173885 52
1718484333116 0.04545724232281957 53
1718484337491 0.03349537083080837 54
1718484345772 0.04294083959289959 55
1718484350046 0.021814874772514616 56
1718484354460 0.023951075971126556 57
1718484359046 0.041471047060830254 58
1718484363890 0.0414830818772316 59
1718484371889 0.03068698729787554 60
1718484376144 0.020370888922895704 61
1718484380790 0.08595869104777064 62
1718484385084 0.025749978742429187 63
1718484389858 0.008398908057383128 64
1718484398093 0.008420940488576889 65
1718484404923 0.031131760882479802 66
1718484409721 0.05458696133324078 67
1718484415359 0.005930019276482719 68
1718484419990 0.02553986438683101 69
1718484428047 0.017272089208875383 70
1718484436437 0.02155922619359834 71
1718484440941 0.06458908638783864 72
1718484445443 0.018768844859940664 73
