1718464863256 0.2505383683102472 0
1718464888343 0.15297372106994903 1
1718464913076 0.07501658584390368 2
1718464938234 0.05359381969485964 3
1718464963178 0.06522659957408905 4
1718464997124 0.050583542457648685 5
1718465022350 0.05305718630552292 6
1718465047410 0.03558342318449702 7
1718465072797 0.025437358766794205 8
1718465096830 0.07161697851760047 9
1718465130090 0.09782210790685245 10
1718465155532 0.055754825472831726 11
1718465180260 0.06328578719070979 12
1718465205102 0.04315044890557017 13
1718465230290 0.031310717442205975 14
1718465265331 0.11058178331170763 15
1718465291607 0.017016581126621792 16
1718465317994 0.01913539639541081 17
1718465344087 0.007627822458744049 18
1718465369756 0.022135087421962192 19
1718465404960 0.030882196766989573 20
1718465429925 0.00809450021811894 21
1718465455065 0.02103323382990701 22
1718465480543 0.02362097374030522 23
1718465506790 0.023291689476796558 24
1718465541882 0.039615842912878306 25
1718465567816 0.033982571746621816 26
1718465592942 0.01941153566752161 27
1718465618339 0.021964565185563906 28
1718465643754 0.04266373041485037 29
1718465678655 0.025255490094423294 30
1718465703988 0.060834688799721856 31
1718465730298 0.012153672320502145 32
1718465757399 0.0205284378358296 33
1718465782318 0.00876125693321228 34
1718465816791 0.016155536685671126 35
1718465841884 0.023399341851472855 36
1718465868000 0.014159155743462699 37
1718465893605 0.004010717783655439 38
1718465919074 0.023722937596695765 39
1718465951682 0.022711587803704397 40
1718465975083 0.007173744695527213 41
1718465998664 0.02730437900338854 42
1718466022073 0.003936135343142918 43
1718466046656 0.06574268426213946 44
1718466078571 0.030023215072495595 45
1718466101837 0.01892401384455817 46
1718466126236 0.01426134311727115 47
1718466150350 0.01451805659702846 48
1718466173828 0.007205987615244729 49
1718466206617 0.025925336139542714 50
1718466230160 0.01863292178937367 51
1718466253697 0.0181684818650995 52
1718466277512 0.013491693351949965 53
1718466301867 0.012766402214765549 54
1718466333536 0.01221950352191925 55
1718466357139 0.004933084760393415 56
1718466380777 0.020603135228157043 57
1718466405095 0.002700648137501308 58
1718466428497 0.015740707516670227 59
1718466459957 0.022273712924548557 60
1718466484036 0.0144977548292705 61
1718466507851 0.004470128033842359 62
1718466531598 0.024242110550403595 63
