1718368802505 0.26226956503731863 0
1718368820279 0.15006456204823085 1
1718368837779 0.12916299700737 2
1718368855292 0.09104977122374944 3
1718368872697 0.022532971309764043 4
1718368906889 0.08575023923601423 5
1718368924526 0.13150868671280996 6
1718368942282 0.031342885323933194 7
1718368959882 0.059578780617032735 8
1718368977437 0.03406610233443124 9
1718369011942 0.028641713517052785 10
1718369029451 0.010855598109109061 11
1718369047382 0.02602225967815944 12
1718369064930 0.018786370754241943 13
1718369082576 0.021038029875074114 14
1718369115789 0.021575582878930227 15
1718369132998 0.021896992410932268 16
1718369150224 0.027862808534077237 17
1718369169209 0.07371083327702113 18
1718369186933 0.02862779583249773 19
1718369220166 0.04114438806261335 20
1718369237496 0.037196687289646695 21
1718369254629 0.015093207359313965 22
1718369272336 0.019883585827691213 23
1718369289697 0.014810915504183089 24
1718369322670 0.016314339424882616 25
1718369339711 0.0322939796107156 26
1718369357104 0.03153341582843235 27
1718369374534 0.016309031418391635 28
1718369391853 0.0006683894566127232 29
1718369425006 0.0190074018069676 30
1718369442342 0.013107116733278548 31
1718369459745 0.024999257709298815 32
1718369477601 0.019132953669343675 33
1718369495104 0.05180826357432774 34
1718369527692 0.02348995634487697 35
1718369544803 0.036713825804846625 36
1718369561560 0.018245960984911238 37
1718369578247 0.013126262596675329 38
1718369595293 0.013025236981255668 39
1718369627824 0.01160332134791783 40
1718369645619 0.0232172573783568 41
1718369662654 0.016533081020627702 42
1718369680962 0.01618656941822597 43
1718369698280 0.007899715964283262 44
1718369731023 0.023456124322754995 45
1718369748274 0.012695176260811942 46
1718369765579 0.032443876777376444 47
1718369782320 0.01295658094542367 48
1718369799381 0.01072086180959429 49
1718369832380 0.02100178599357605 50
1718369849698 0.006768835442406791 51
1718369867614 0.0017150044441223145 52
1718369886193 0.027416416576930454 53
1718369904218 0.007250230227197919 54
1718369938086 0.003243744373321533 55
1718369956026 0.008800153221402849 56
1718369973731 0.005949944257736206 57
1718369991280 0.018189549446105957 58
1718370009018 0.008482686110905238 59
1718370042972 0.03237290573971612 60
1718370060335 0.001885056495666504 61
1718370077795 0.02339865905897958 62
1718370095275 0.0007015083517347063 63
1718370112951 0.017405578068324497 64
1718370146503 0.024135214941842214 65
1718370165209 0.015379760946546282 66
1718370182816 0.014511836426598685 67
1718370200223 0.0020754124437059674 68
1718370217850 0.011271628152046884 69
