1714847885159 0.3296641241759062 0
1714847887750 0.1820108089596033 1
1714847890487 0.17501230724155903 2
1714847893058 0.1652858629822731 3
1714847898956 0.13988259993493557 4
1714847901458 0.12386196851730347 5
1714847904166 0.06228137790458277 6
1714847906898 0.09724362008273602 7
1714847912733 0.04449702240526676 8
1714847915499 0.08354853466153145 9
1714847918460 0.08576030447147787 10
1714847921188 0.03922106046229601 11
1714847927190 0.04736545030027628 12
1714847929945 0.06835675425827503 13
1714847932735 0.06428444292396307 14
1714847935766 0.05241438373923302 15
1714847941730 0.07932691392488778 16
1714847944483 0.04910995194222778 17
1714847947484 0.04836219549179077 18
1714847950516 0.11488398164510727 19
1714847956437 0.05711586866527796 20
1714847959187 0.03655048875953071 21
1714847962260 0.03067154437303543 22
1714847965100 0.045931355096399784 23
1714847971327 0.03013596124947071 24
1714847974469 0.05191040597856045 25
1714847977274 0.038276780396699905 26
1714847980109 0.024498289451003075 27
1714847987042 0.02331058424897492 28
1714847989754 0.018548910273239017 29
1714847992846 0.03392110706772655 30
1714847995835 0.035853358218446374 31
1714848001721 0.011064153164625168 32
1714848004618 0.02805078960955143 33
1714848007690 0.05344042647629976 34
1714848010652 0.025003895163536072 35
1714848016692 0.08223876729607582 36
1714848019647 0.028019152581691742 37
1714848022643 0.03842720971442759 38
1714848025746 0.02235218696296215 39
1714848031750 0.031221553683280945 40
1714848034814 0.045239077880978584 41
1714848037848 0.043717801570892334 42
1714848040633 0.01808205246925354 43
1714848046567 0.03495526220649481 44
1714848049884 0.032286154688335955 45
1714848052944 0.025630606338381767 46
1714848055809 0.026787552051246166 47
1714848062054 0.014796953648328781 48
1714848065057 0.05136108584702015 49
1714848067796 0.033206263557076454 50
1714848070844 0.032477349042892456 51
1714848076965 0.03156849183142185 52
1714848079808 0.028824521228671074 53
1714848082737 0.011843935237266123 54
1714848085620 0.05029712989926338 55
1714848092018 0.022894270718097687 56
1714848094925 0.03577281255275011 57
1714848097716 0.021810167003422976 58
1714848100559 0.05884169787168503 59
1714848106635 0.055744415149092674 60
1714848109476 0.023966646753251553 61
1714848112395 0.019095299765467644 62
1714848115409 0.013863064348697662 63
