1718483545013 0.23007813841104507 0
1718483553604 0.06123453591551099 1
1718483563110 0.05420567840337753 2
1718483572894 0.036527931690216064 3
1718483581831 0.06938568821975163 4
1718483595478 0.045305238238402774 5
1718483604057 0.04535759772573199 6
1718483612518 0.017814150878361294 7
1718483621190 0.0768032797745296 8
1718483630154 0.03337667137384415 9
1718483643334 0.015657555844102587 10
1718483652114 0.043447141136441915 11
1718483661504 0.03989340045622417 12
1718483669828 0.02258497050830296 13
1718483679882 0.008503139019012451 14
1718483693187 0.04876858953918729 15
1718483702024 0.001188452754701887 16
1718483710574 0.02938385307788849 17
1718483719214 0.018113504563059126 18
1718483727618 0.004857595477785383 19
1718483740575 0.01970346910612924 20
1718483749414 0.023192482335226878 21
1718483758097 0.009916846241269792 22
1718483766975 0.019027894096715108 23
1718483775639 0.01740250363945961 24
1718483789205 0.018324326191629683 25
1718483798138 0.010977232562644141 26
1718483806888 0.012616766350609916 27
1718483815515 0.023827246257237027 28
1718483824500 0.0015369696276528494 29
1718483837402 0.011731409600802831 30
1718483846214 0.013353892735072545 31
1718483855137 0.01662216229098184 32
1718483864501 0.010293675320489066 33
1718483873309 0.018508785537311008 34
1718483886462 0.005017553056989398 35
1718483895388 0.0002739344324384417 36
1718483904107 0.01938432135752269 37
1718483912933 0.011148227112633842 38
1718483921553 0.010138988494873047 39
1718483936290 0.005331788744245257 40
1718483944995 0.015005852494921004 41
1718483953972 0.0041545118604387555 42
1718483962973 0.00777472449200494 43
1718483971494 0.0003502283777509417 44
1718483984431 0.0030170040471213205 45
1718483992991 0.004050135612487793 46
1718484001649 0.016245134440915927 47
1718484010358 0.01365234489951815 48
1718484019346 0.006100849381514958 49
1718484032443 0.011622224535260881 50
