1718524448928 0.5848935118743351 0
1718524490655 0.47717070153781344 1
1718524532342 0.32860883857522694 2
1718524573757 0.4596351214817592 3
1718524613040 0.16221979899065836 4
1718524663446 0.0904421763760703 5
1718524702720 0.26136761052267893 6
1718524744573 0.21787703463009425 7
1718524785933 0.18506348133087158 8
1718524826762 0.16684346752507345 9
1718524878342 0.15942592280251638 10
1718524919720 0.15897638031414577 11
1718524959735 0.056362969534737725 12
1718525000329 0.16791393075670516 13
1718525040230 0.10373141297272273 14
1718525091041 0.07060652545520238 15
1718525131979 0.29854001317705425 16
1718525174298 0.5483534038066864 17
1718525215146 0.48035138845443726 18
1718525254577 0.1943632002387728 19
1718525304986 0.08271812541144234 20
1718525344630 0.24156094448907034 21
1718525383660 0.304995875273432 22
1718525422495 0.3527274557522365 23
1718525461873 0.26264575123786926 24
1718525511102 0.04282615440232413 25
1718525551826 0.10643867083958217 26
1718525592859 0.14712241291999817 27
1718525632902 0.09634083935192653 28
1718525673234 0.1508616464478629 29
1718525727104 0.09830027392932347 30
1718525767885 0.12562483974865504 31
1718525807230 0.3228508446897779 32
1718525852849 0.1572321355342865 33
1718525892439 0.25821799465588163 34
1718525941975 0.1237585118838719 35
1718525981555 0.14511617166655405 36
1718526020869 0.1306111833878926 37
1718526060108 0.07501612603664398 38
1718526099364 0.09372950664588384 39
1718526148327 0.11795599971498762 40
1718526187444 0.29157192366463797 41
1718526226453 0.25117113334792 42
1718526266118 0.1374819917338235 43
1718526306292 0.16441333293914795 44
1718526355473 0.1320541309458869 45
1718526395552 0.09114821893828255 46
1718526434675 0.09791883400508336 47
1718526473801 0.15008475099291121 48
