1718461661389 0.05417770998818534 0
1718461682708 0.07003714144229889 1
1718461702982 0.01688485699040549 2
1718461722484 0.009960464068821498 3
1718461742463 0.034708362604890554 4
1718461769352 0.035002586032663076 5
1718461789756 0.07592754385301045 6
1718461809479 0.2148610396044595 7
1718461829310 0.051618637783186774 8
1718461848843 0.13255009374448232 9
1718461875598 0.04624227327959878 10
1718461895171 0.06431752762624196 11
1718461914781 0.10469713381358556 12
1718461935326 0.0654346974832671 13
1718461956300 0.03947767402444567 14
1718461983120 0.08261489868164062 15
1718462003240 0.014928724084581648 16
1718462023709 0.012455723115376063 17
1718462043805 0.02208620309829712 18
1718462063996 0.0012128140245165145 19
1718462090655 0.008323592799050468 20
1718462110832 0.014286647949899946 21
1718462131165 0.05246394979102271 22
1718462151937 0.02034913216318403 23
1718462172967 0.007330796548298427 24
1718462199691 0.019390464361224855 25
1718462219531 0.05810879809515817 26
1718462239886 0.015824243426322937 27
1718462260240 0.011549985834530421 28
1718462280432 0.08523141699177879 29
1718462307565 0.012644195130893163 30
1718462327786 0.060197263956069946 31
1718462348030 0.03533352379287992 32
1718462368315 0.0 33
1718462388137 0.09246676415205002 34
1718462414402 0.028652636068207876 35
1718462433667 0.028627533997808183 36
1718462453428 0.024235171931130544 37
1718462473758 0.01288490423134395 38
1718462493301 0.01793042038168226 39
1718462520214 0.036564515105315616 40
1718462539457 0.04523419588804245 41
