1714820963269 0.3007171116769314 0
1714820979906 0.16647407971322536 1
1714821003886 0.19106443412601948 2
1714821024626 0.10759234335273504 3
1714821068622 0.15932123735547066 4
1714821093454 0.09336484875530005 5
1714821115763 0.08879711665213108 6
1714821138162 0.12453228607773781 7
1714821186186 0.09439516253769398 8
1714821211442 0.0943097360432148 9
1714821236335 0.08118140127044171 10
1714821259834 0.08496664091944695 11
1714821307731 0.04525445820763707 12
1714821331199 0.031348373740911484 13
1714821353201 0.03764365054666996 14
1714821376730 0.07824946474283934 15
1714821430023 0.06402137316763401 16
1714821455705 0.07192902697715908 17
1714821483586 0.0574062317609787 18
1714821507986 0.05614873208105564 19
1714821554537 0.03991099260747433 20
1714821580028 0.037566877756034955 21
1714821603529 0.06546812132000923 22
1714821628991 0.04497683607041836 23
1714821683131 0.045904417522251606 24
1714821710074 0.0669254157692194 25
1714821738750 0.05056041106581688 26
1714821765904 0.02740907296538353 27
1714821819858 0.05075090378522873 28
1714821845660 0.03521742857992649 29
1714821870726 0.02869706368073821 30
1714821893801 0.024941336363554 31
1714821944666 0.038421728648245335 32
1714821969584 0.04295032471418381 33
1714821995370 0.04150167293846607 34
1714822020554 0.040143318474292755 35
1714822069408 0.05016405135393143 36
1714822094373 0.03962951898574829 37
1714822118359 0.038901677588000894 38
1714822143202 0.018669442273676395 39
1714822189299 0.03739924030378461 40
1714822212314 0.030450379010289907 41
1714822239129 0.028561972081661224 42
1714822261952 0.0241603571921587 43
1714822308324 0.023686343804001808 44
1714822331446 0.045425787568092346 45
1714822355749 0.01858414337038994 46
1714822381034 0.03934870846569538 47
1714822429754 0.021875645965337753 48
1714822452796 0.045744454488158226 49
1714822476345 0.03543363092467189 50
1714822504659 0.03826981410384178 51
1714822554637 0.04117808700539172 52
1714822582956 0.032978927716612816 53
1714822603402 0.03780213184654713 54
1714822628340 0.032903993502259254 55
1714822676409 0.02317463979125023 56
1714822697602 0.04412567731924355 57
1714822721936 0.02055062772706151 58
1714822744823 0.02850937843322754 59
1714822794225 0.05900734290480614 60
1714822818776 0.01892946846783161 61
1714822843635 0.028169017285108566 62
1714822865284 0.05527694849297404 63
