1714758740915 0.36529599875211716 0
1714758763436 0.23117458634078503 1
1714758781459 0.168718583881855 2
1714758803379 0.11864410527050495 3
1714758851871 0.12287897989153862 4
1714758873969 0.14847644977271557 5
1714758895593 0.08492860943078995 6
1714758917635 0.09632179141044617 7
1714758961539 0.05455675907433033 8
1714758983357 0.06981246126815677 9
1714759004583 0.06419575586915016 10
1714759025482 0.08849961403757334 11
1714759073463 0.07393331546336412 12
1714759095202 0.060075992718338966 13
1714759116662 0.05848760437220335 14
1714759136306 0.05752682499587536 15
1714759177695 0.029537577327573672 16
1714759199813 0.03734164370689541 17
1714759220799 0.05153279099613428 18
1714759244362 0.042300475761294365 19
1714759286258 0.03791108913719654 20
1714759310300 0.06396849313750863 21
1714759332138 0.029533810913562775 22
1714759353703 0.041145797818899155 23
1714759403525 0.025499530136585236 24
1714759428505 0.046682863496243954 25
1714759452992 0.03531856834888458 26
1714759478307 0.04848567908629775 27
1714759522104 0.057863482274115086 28
1714759542486 0.049592058174312115 29
1714759566456 0.0419991894159466 30
1714759587335 0.03917355462908745 31
