1718509371494 0.2756228542753628 0
1718509390153 0.1402412982923644 1
1718509408936 0.13075479971511023 2
1718509427967 0.08979784484420504 3
1718509447132 0.08492175223571914 4
1718509472779 0.06602775678038597 5
1718509491496 0.09288654955370086 6
1718509510303 0.059612371027469635 7
1718509529054 0.0567976427929742 8
1718509548023 0.026626265474728177 9
1718509577569 0.04485399488891874 10
1718509596878 0.13517487687723978 11
1718509615530 0.05652679609400885 12
1718509634810 0.024966256426913396 13
1718509653192 0.04114529384034021 14
1718509678975 0.05434461895908628 15
1718509697930 0.04814266519887107 16
1718509716756 0.09356894663402013 17
1718509735415 0.031039574316569736 18
1718509754192 0.012865770608186722 19
1718509780031 0.03617369383573532 20
1718509798537 0.05650378337928227 21
1718509817434 0.0382456864629473 22
1718509837652 0.023939791534628187 23
1718509856323 0.043526477579559596 24
1718509881965 0.04428652248212269 25
1718509900491 0.036141990550926754 26
1718509919010 0.03469959061060633 27
1718509938004 0.042558632258858 28
1718509956908 0.07280768666948591 29
1718509982843 0.033246812011514394 30
1718510001387 0.04872603341937065 31
1718510020110 0.03764332830905914 32
1718510038985 0.016820578702858517 33
1718510058127 0.0410763184939112 34
1718510083591 0.033764515072107315 35
1718510102484 0.04889810511044094 36
1718510120812 0.06695853493043355 37
1718510139594 0.05491826257535389 38
1718510158402 0.03249464929103851 39
1718510184292 0.02662780987364905 40
1718510202515 0.03514086029359272 41
1718510221563 0.03414256764309747 42
1718510240554 0.03169184710298266 43
1718510259143 0.0370882728270122 44
1718510284665 0.016117331704923084 45
1718510303452 0.04253454293523516 46
1718510322684 0.017765344253608158 47
1718510341414 0.034125526036534994 48
1718510360110 0.011190367596490043 49
1718510386485 0.03950284793972969 50
1718510405909 0.04223053689513888 51
1718510424967 0.026763405118669783 52
1718510443866 0.04936595261096954 53
1718510463875 0.04559459324393954 54
1718510489353 0.02327961368220193 55
