1714913480453 0.4515771009027958 0
1714913484257 0.3250736780464649 1
1714913488394 0.18156860396265984 2
1714913492609 0.1746466401964426 3
1714913500882 0.13370742183178663 4
1714913505140 0.11278049275279045 5
1714913508819 0.19065620936453342 6
1714913512231 0.09475234802812338 7
1714913519770 0.15976062510162592 8
1714913523750 0.08675018139183521 9
1714913527738 0.11985688842833042 10
1714913531961 0.09437026642262936 11
1714913540424 0.12429194711148739 12
1714913544217 0.09655530471354723 13
1714913547964 0.11809819005429745 14
1714913551744 0.0830440055578947 15
1714913559497 0.08232158422470093 16
1714913563377 0.09231823496520519 17
1714913567244 0.08814627677202225 18
1714913570828 0.11127528175711632 19
1714913578256 0.08997881598770618 20
1714913582143 0.0655438513495028 21
1714913585707 0.06930402293801308 22
1714913589243 0.06443468946963549 23
1714913596940 0.03588182106614113 24
1714913600508 0.03587261959910393 25
1714913603932 0.05226047895848751 26
1714913607483 0.06436682306230068 27
1714913614802 0.06590669136494398 28
1714913618171 0.05222954973578453 29
1714913621805 0.0730552040040493 30
1714913625415 0.059904931113123894 31
1714913633500 0.04918621852993965 32
1714913636885 0.10727113112807274 33
