1718474949834 0.21106419818741934 0
1718474968491 0.16464831360748836 1
1718474987342 0.09215118203844343 2
1718475007099 0.09445756460939135 3
1718475026392 0.1137687521321433 4
1718475053347 0.017789389405931746 5
1718475073109 0.031086244753428867 6
1718475092073 0.04369026848248073 7
1718475111427 0.09464590890066964 8
1718475130717 0.11171765625476837 9
1718475156886 0.010712078639439173 10
1718475177058 0.039404339023998806 11
1718475197192 0.05123763425009591 12
1718475215862 0.062181485550744195 13
1718475235183 0.025612154177256992 14
1718475261980 0.04688280714409692 15
1718475280681 0.0009642711707523891 16
1718475299487 0.01957405890737261 17
1718475318592 0.07025457492896489 18
1718475337057 0.05091588305575507 19
1718475362993 0.015234630022730147 20
1718475381511 0.07302735107285636 21
1718475401078 0.04866495302745274 22
1718475420748 0.13403794595173427 23
1718475439377 0.0417058276278632 24
1718475466224 0.09014298873288291 25
1718475485286 0.05035785798515592 26
1718475503882 0.03676555412156241 27
1718475522802 0.004742954458509173 28
1718475541699 0.09415718274457115 29
1718475567244 0.15442154024328505 30
1718475586234 0.06278406509331294 31
1718475605168 0.09241268464497157 32
1718475624303 0.07344155865056175 33
1718475644319 0.06731119751930237 34
1718475670493 0.04440306978566306 35
1718475689227 0.031603320368698666 36
1718475708042 0.05162570944854191 37
1718475726633 0.0242351804460798 38
1718475745323 0.006598072392599923 39
1718475772272 0.06606702825852803 40
1718475791452 0.012759110757282801 41
1718475810769 0.055217232022966654 42
1718475830112 0.028662558112825667 43
1718475849387 0.07423411735466548 44
1718475875517 0.06802900454827718 45
1718475894677 0.11443506606987544 46
1718475914300 0.06607109095369067 47
1718475933326 0.06985305036817278 48
1718475952365 0.04800400137901306 49
