1718488868540 0.08926473025764738 0
1718488877772 0.09766400073255811 1
1718488886896 0.0663418961422784 2
1718488896390 0.030101227973188673 3
1718488905815 0.02114311925002507 4
1718488919608 0.07396266609430313 5
1718488928990 0.03941929127488818 6
1718488937823 0.05821168103388378 7
1718488947242 0.04268275573849678 8
1718488956541 0.028360388108662198 9
1718488971045 0.01748975898538317 10
1718488980730 0.024340507175241197 11
1718488990201 0.018100305327347348 12
1718488999420 0.0039481861250741145 13
1718489009229 0.03485168942383358 14
1718489023414 0.02455799175160272 15
1718489032681 0.007060539509568896 16
1718489042252 0.0164491491658347 17
1718489051267 0.008246830531529017 18
1718489060278 0.009662415300096785 19
1718489074449 0.01530610237802778 20
1718489085031 0.0030703629766191754 21
1718489093828 0.0016435086727142334 22
1718489103289 0.019460249160017287 23
1718489112289 0.009662483419690813 24
1718489126648 0.017967292240687778 25
1718489136101 0.053841542452573776 26
1718489145470 0.0014475456305912562 27
1718489154679 0.004734763077327183 28
1718489163512 0.0120430588722229 29
1718489177473 0.010334981339318412 30
1718489186784 0.002541209970201765 31
1718489195194 0.010454552514212472 32
1718489203619 0.03247838467359543 33
1718489212534 0.00026742475373404365 34
1718489226116 0.007206958319459643 35
1718489234773 0.005639685051781791 36
1718489243383 0.01857717228787286 37
1718489251869 0.003331611731222698 38
1718489260621 0.016578223024095808 39
1718489273389 0.022997005709580014 40
1718489281952 0.0037377519266945975 41
1718489290666 0.011973811047417777 42
1718489299597 0.0 43
1718489308076 0.016240587191922323 44
1718489321096 0.018822506070137024 45
1718489330000 0.007779836654663086 46
1718489338424 0.016257608575480326 47
1718489347424 0.009678023202078683 48
1718489356527 0.004655037607465472 49
1718489372936 0.004901298454829625 50
1718489381474 0.001900907073702131 51
