1714825357461 0.39713106118142605 0
1714825377411 0.251054547727108 1
1714825398466 0.19926643557846546 2
1714825418887 0.19329114817082882 3
1714825469031 0.2551620416343212 4
1714825492373 0.09292030637152493 5
1714825513565 0.10121403634548187 6
1714825538059 0.09339953027665615 7
1714825583420 0.08589151035994291 8
1714825607789 0.08029830269515514 9
1714825631623 0.09123359597288072 10
1714825656241 0.07418721169233322 11
1714825705061 0.08776121214032173 12
1714825729806 0.12077105604112148 13
1714825753979 0.06681578233838081 14
1714825775889 0.11561158671975136 15
1714825822995 0.06201110250549391 16
1714825849432 0.08281904645264149 17
1714825877470 0.06486230995506048 18
1714825901229 0.06473765731789172 19
1714825951420 0.04644861398264766 20
1714825975668 0.05546886008232832 21
1714825999213 0.04345106706023216 22
1714826025121 0.02568385098129511 23
1714826071713 0.07325008884072304 24
1714826096101 0.0482562487013638 25
1714826117091 0.09949618950486183 26
1714826144596 0.06735275778919458 27
1714826197963 0.03468751534819603 28
1714826223574 0.050103005953133106 29
1714826246403 0.05144003313034773 30
1714826272411 0.05619744677096605 31
1714826323640 0.04394268989562988 32
1714826351497 0.04840945079922676 33
1714826378183 0.03753744252026081 34
1714826406060 0.030114401830360293 35
1714826457120 0.06762825255282223 36
1714826483745 0.027499444782733917 37
1714826510521 0.04361357446759939 38
1714826536455 0.029552560299634933 39
1714826586877 0.044621157459914684 40
1714826610505 0.033601488918066025 41
1714826637209 0.05484319105744362 42
1714826662194 0.022776332683861256 43
1714826719389 0.015437691705301404 44
1714826745419 0.050801876932382584 45
1714826773616 0.05248435027897358 46
1714826800786 0.048178693279623985 47
