1714855863883 0.354245912283659 0
1714855866384 0.20445244805887341 1
1714855868999 0.12739966996014118 2
1714855871693 0.18143229559063911 3
1714855877638 0.11356927920132875 4
1714855880281 0.08762670494616032 5
1714855882850 0.05941885570064187 6
1714855885554 0.07492643920704722 7
1714855891376 0.06241872577811591 8
1714855893921 0.0844834391027689 9
1714855896576 0.08234658092260361 10
1714855899219 0.07149769924581051 11
1714855905007 0.08043504506349564 12
1714855907897 0.08152988972142339 13
1714855910593 0.0555697251111269 14
1714855913265 0.049600309459492564 15
1714855919218 0.0625135786831379 16
1714855921794 0.053132460452616215 17
1714855924507 0.04045094223693013 18
1714855927105 0.05244357883930206 19
1714855932895 0.08579382859170437 20
1714855935583 0.03587424103170633 21
1714855938331 0.0721578374505043 22
1714855940915 0.02655118273833068 23
1714855946976 0.08207729645073414 24
1714855949590 0.016704155132174492 25
1714855952191 0.025791450636461377 26
1714855954984 0.036794621497392654 27
1714855960917 0.07091708667576313 28
1714855963656 0.042149377055466175 29
1714855966443 0.04411974735558033 30
1714855969168 0.018132532481104136 31
1714855975079 0.030111195519566536 32
1714855977763 0.0460386760532856 33
1714855980569 0.04265432432293892 34
1714855983324 0.07113568671047688 35
1714855989085 0.056674398481845856 36
1714855991599 0.02266772650182247 37
1714855994442 0.038311413722112775 38
1714855997113 0.021893750876188278 39
1714856003327 0.03768198564648628 40
1714856006221 0.04420688049867749 41
1714856008824 0.05845274031162262 42
1714856011906 0.02887585572898388 43
1714856018113 0.00809558853507042 44
1714856020763 0.033433256670832634 45
1714856023473 0.0692082354798913 46
1714856026064 0.045344771817326546 47
1714856031950 0.046474639326334 48
1714856034536 0.05419440008699894 49
1714856037413 0.03957459144294262 50
1714856040288 0.028108201920986176 51
1714856046072 0.02646066900342703 52
1714856048871 0.018992647994309664 53
1714856051660 0.05540267005562782 54
1714856054571 0.04396396316587925 55
1714856060605 0.014868903905153275 56
1714856063390 0.03514566645026207 57
1714856066192 0.03806704166345298 58
1714856068842 0.03131577209569514 59
1714856074542 0.013300398364663124 60
1714856077405 0.024156121537089348 61
1714856080109 0.002530321478843689 62
1714856082816 0.00830681249499321 63
