1715158047388 0.5187760591506958 0
1715158054492 0.599807151726314 1
1715158060877 0.30113886509622845 2
1715158068619 0.3838063537675355 3
1715158076474 0.4442976585456303 4
1715158092536 0.3494861551693508 5
1715158102583 0.556866466999054 6
1715158110813 0.47684255987405777 7
1715158118491 0.4494154708726065 8
1715158168080 0.39458981794970377 9
1715158181322 0.5172719529696873 10
1715158188727 0.5651825581278119 11
1715158196302 0.4436020255088806 12
1715158203966 0.26289306368146625 13
1715158212444 0.5346630471093314 14
1715158224599 0.23532021471432277 15
1715158234733 0.4298997734274183 16
1715158242712 0.20804796048573085 17
1715158251506 0.4898302640233721 18
1715158261043 0.413538647549493 19
1715158274647 0.3240222420011248 20
1715158282954 0.48840557251657757 21
1715158292103 0.3763870341437204 22
1715158300802 0.2893673639212336 23
1715158310172 0.37129655480384827 24
1715158329590 0.30869520136288237 25
1715158337403 0.2542242705821991 26
1715158345060 0.20277243852615356 27
1715158352616 0.19279368008886064 28
1715158360673 0.2377420961856842 29
1715158375492 0.3185795928750719 30
1715158383885 0.2138885940824236 31
1715158391643 0.15659418489251817 32
1715158399373 0.2909137521471296 33
1715158407106 0.25902751088142395 34
1715158422390 0.2223388680389949 35
1715158432845 0.37405218396868023 36
1715158442635 0.15885778410094126 37
1715158451223 0.43396630457469393 38
1715158461059 0.09617724163191659 39
1715158473984 0.4004264899662563 40
1715158483304 0.33404928020068575 41
1715158492689 0.16146094032696315 42
1715158501960 0.21313394818987166 43
1715158510616 0.31263822317123413 44
1715158529653 0.16711845568248204 45
1715158539453 0.22408184834889003 46
1715158548164 0.2888051058564867 47
1715158557580 0.2182244530745915 48
1715158567297 0.06355756095477513 49
1715158582775 0.11685818008014134 50
1715158596755 0.0853471074785505 51
1715158608053 0.17321221743311202 52
1715158621631 0.17920771666935512 53
1715158632701 0.15675981555666244 54
1715158652543 0.2424837521144322 55
1715158664264 0.25288171001843046 56
1715158674193 0.10838308078902108 57
1715158684326 0.17872288823127747 58
1715158695907 0.3152108107294355 59
1715158714491 0.16692790389060974 60
1715158729304 0.10092628853661674 61
1715158743911 0.08539869955607823 62
1715158754654 0.2956034541130066 63
1715158765230 0.052337356976100376 64
1715158779235 0.22892908113343374 65
1715158792563 0.13618838787078857 66
