1718537212200 0.36298958046568763 0
1718537228613 0.20138930860492918 1
1718537244129 0.11940294638690022 2
1718537259223 0.15569288511243132 3
1718537274627 0.19913346982664532 4
1718537305385 0.051240241517209344 5
1718537320634 0.1103120425509082 6
1718537335631 0.10790999937388632 7
1718537351192 0.05364965316322115 8
1718537366523 0.10729731482246684 9
1718537397017 0.03967628897064262 10
1718537412044 0.06745725228554672 11
1718537427236 0.05773442854276962 12
1718537442253 0.04706920331550969 13
1718537457320 0.05158662232052949 14
1718537488074 0.046523016773992114 15
1718537503254 0.08364622791608174 16
1718537518817 0.05498104485579663 17
1718537534496 0.04063624516129494 18
1718537550067 0.019960725421292916 19
1718537581047 0.039537383450402155 20
1718537596613 0.07129437393612331 21
1718537612016 0.033729314390156 22
1718537627445 0.049324285652902394 23
1718537642729 0.07038201060560015 24
1718537674110 0.029299243456787534 25
1718537689197 0.037219625561394624 26
1718537706137 0.05437072107775344 27
1718537721503 0.045717293189631567 28
1718537736814 0.04058187558419175 29
1718537767440 0.13631446473300457 30
1718537782937 0.07207097692622079 31
1718537798396 0.06551525224414137 32
1718537813697 0.02959216774130861 33
1718537829044 0.048276145994249314 34
1718537859900 0.0437823205979334 35
1718537875130 0.06262470554146501 36
1718537890941 0.03802276382015811 37
1718537906705 0.03797546225703425 38
1718537921884 0.02132230717688799 39
1718537952872 0.0249319343517224 40
1718537968327 0.037231619055900306 41
1718537983725 0.030435526717661157 42
1718537998956 0.03478173125121328 43
1718538014175 0.014017990557476878 44
1718538045011 0.04758072367662357 45
1718538060351 0.006503100713921918 46
1718538075806 0.017778345590664282 47
1718538090990 0.050307544569174446 48
1718538106742 0.04553000277115239 49
1718538137907 0.012944788775510259 50
1718538153443 0.011103842097024122 51
1718538169042 0.015855709608230326 52
1718538184712 0.020522013791681577 53
1718538200509 0.029354967694315646 54
1718538231601 0.04066643644020789 55
1718538247105 0.025610605875651043 56
1718538262534 0.03186651629706224 57
1718538277814 0.0043895685941808755 58
1718538293553 0.05257533076736662 59
