1718484472141 0.20535350697381155 0
1718484494926 0.09250214802367347 1
1718484516749 0.08712294272014073 2
1718484537889 0.14555457447256362 3
1718484559256 0.09284805612904685 4
1718484597255 0.046354097447225025 5
1718484618365 0.016743898391723633 6
1718484639954 0.02814688959292003 7
1718484661563 0.028589891535895213 8
1718484683154 0.029352995433977673 9
1718484711972 0.029167620731251582 10
1718484735416 0.01885515690914222 11
1718484757026 0.020347058240856444 12
1718484779945 0.026506969971316203 13
1718484802327 0.024894768106085912 14
1718484832630 0.044570907418216975 15
1718484854779 0.006516312382050923 16
1718484877279 0.024589874914714267 17
1718484900702 0.011822308812822615 18
1718484924508 0.010238982737064362 19
1718484967406 0.033329875341483524 20
1718484990247 0.010490896446364266 21
1718485013289 0.0019319142614092147 22
1718485038617 0.021218576601573398 23
1718485062401 0.017487491880144392 24
1718485094759 0.011346977736268724 25
1718485117176 0.012186644332749503 26
1718485142102 0.03298288636973926 27
1718485165262 0.004088963781084333 28
1718485188552 0.016343221068382263 29
1718485219314 0.021290938769068037 30
1718485242959 0.017504634069544927 31
1718485268023 0.019289884184088026 32
1718485291183 0.01517063272850854 33
1718485313860 0.014788508415222168 34
1718485345368 0.018104981631040573 35
1718485368494 0.01651297775762422 36
1718485391995 0.018250369599887302 37
1718485414349 0.017373040318489075 38
1718485438029 0.014821649129901613 39
1718485468500 0.010441490582057409 40
1718485490119 0.006609478167125157 41
1718485511365 0.00579606049827167 42
1718485532290 0.0 43
1718485553745 0.0015355220862797328 44
1718485584424 0.021286006484712874 45
1718485607279 0.007097409239837101 46
1718485628809 0.008155806788376399 47
1718485650182 0.002506707395826067 48
1718485671509 0.005214085536343711 49
1718485701454 0.0022591735635484967 50
1718485722496 0.003457631782761642 51
1718485744762 0.012725280331713813 52
1718485766251 0.002755980406488691 53
1718485789045 0.002681068011692592 54
1718485818863 0.022013906921659197 55
1718485840018 0.011388893638338362 56
1718485861703 0.030285054551703588 57
