1714759712277 0.20949039421975613 0
1714759736337 0.1069666650146246 1
1714759757238 0.09462303062900901 2
1714759781437 0.09830638207495213 3
1714759826063 0.04934057779610157 4
1714759847847 0.09081487357616425 5
1714759870535 0.026491817086935043 6
1714759896780 0.05575975542888045 7
1714759944770 0.05619223602116108 8
1714759967725 0.03214210434816778 9
1714759993605 0.0483086658641696 10
1714760016645 0.027795851230621338 11
1714760064596 0.028376379981637 12
1714760085784 0.033659631852060556 13
1714760105585 0.045478228479623795 14
1714760126994 0.027065400034189224 15
1714760171338 0.029897887405240908 16
1714760194906 0.022217681631445885 17
1714760214358 0.03267974535992835 18
1714760234675 0.025746645405888557 19
1714760281056 0.0507085807621479 20
1714760304622 0.04247519001364708 21
1714760328205 0.02292444184422493 22
1714760351194 0.04645123519003391 23
1714760400547 0.022488899528980255 24
1714760422887 0.028896689414978027 25
1714760451715 0.02859613741748035 26
1714760478091 0.024978147819638252 27
1714760521287 0.01591542549431324 28
1714760544889 0.015298173995688558 29
1714760567137 0.05390142276883125 30
1714760590323 0.020525275729596615 31
