1718514163043 0.6630791766302926 0
1718514173306 0.32618518599442076 1
1718514183799 0.32431745316301075 2
1718514193840 0.1807976035135133 3
1718514203857 0.224002548626491 4
1718514218950 0.19255140104464122 5
1718514230408 0.13841354634080613 6
1718514240276 0.3035035064177854 7
1718514250291 0.17959901690483093 8
1718514260465 0.10884265069450651 9
1718514279041 0.1505356729030609 10
1718514289780 0.10369466617703438 11
1718514300180 0.10858578979969025 12
1718514310537 0.05922822228499821 13
1718514320667 0.12496889276163918 14
1718514336211 0.12098852864333562 15
1718514346441 0.24873834209782736 16
1718514356843 0.058828022863183706 17
1718514367403 0.07997370191982814 18
1718514377411 0.03982368218047278 19
1718514392508 0.19437067210674286 20
1718514403020 0.13177367193358286 21
1718514413441 0.054298411522592814 22
1718514424362 0.062000839837959835 23
1718514434331 0.04813042389495032 24
1718514449264 0.04096081320728574 25
1718514459403 0.07713357146297183 26
1718514469376 0.09937865074191775 27
1718514479350 0.06802842787666512 28
1718514489548 0.09981135598250798 29
1718514505924 0.02938794663974217 30
1718514516225 0.08571173144238335 31
1718514526450 0.026170981781823293 32
1718514536529 0.04560069101197379 33
1718514546757 0.024217456579208374 34
1718514562027 0.06853507459163666 35
1718514572201 0.07611765499625887 36
1718514582388 0.0700765433056014 37
1718514592707 0.09821141298328127 38
1718514602868 0.12667418377740042 39
1718514617852 0.07100916760308403 40
1718514628214 0.10657394251653127 41
1718514638389 0.056925306362765174 42
1718514648646 0.09506100416183472 43
1718514658935 0.09077980582203184 44
1718514674061 0.07250779760735375 45
1718514684434 0.05932887004954474 46
1718514694571 0.033113639269556315 47
1718514704991 0.013848087617329188 48
1718514715180 0.050483537571770806 49
1718514730407 0.0746669950229781 50
1718514740615 0.039769574999809265 51
1718514750535 0.05365384476525443 52
1718514760747 0.04078541908945356 53
1718514770664 0.05742558730500085 54
1718514786073 0.03185869327613285 55
1718514797528 0.11364131633724485 56
1718514807633 0.04040045610495976 57
1718514817903 0.011320160967963082 58
1718514828242 0.028477096131869724 59
