1734173447114 0.11280745267868042 0
1734173461674 0.050331019123809204 1
1734173475979 0.05096350361903509 2
1734173491145 0.03299412472794453 3
1734173507784 0.009078860593338808 4
1734173537806 0.029244122612807486 5
1734173552302 0.020465051393128104 6
1734173567079 0.031186332020701632 7
1734173581679 0.02120540787776311 8
1734173595856 0.04916603918859942 9
1734173625159 0.019382141245942976 10
1734173639418 0.00850118531121148 11
1734173654014 0.010818163450393412 12
1734173668418 0.005718301671246688 13
1734173683173 0.0017732161407669385 14
1734173712840 0.023811905593093898 15
1734173727335 0.01304791546944115 16
1734173742281 0.01760735335604598 17
1734173756881 0.010538816728512757 18
1734173771204 0.013165915695329508 19
1734173801502 0.018573292427592807 20
1734173816131 0.022182407271530893 21
1734173830713 0.037020161437491574 22
1734173845481 0.007193052934275733 23
1734173860006 0.019538300887991984 24
1734173889896 0.002570284720503777 25
1734173904613 0.0040959517161051435 26
1734173920123 0.007913253787491057 27
1734173935337 0.04388738123493062 28
1734173950201 0.02501243187321557 29
1734173980647 0.009461994593342146 30
1734173995743 0.012789672964976894 31
1734174009995 0.005623234642876519 32
1734174024402 0.03432831964972946 33
1734174038673 0.0036244744227992166 34
1734174067932 0.004250107022623221 35
1734174082583 0.004184784652251337 36
1734174097066 0.021818359485930867 37
1734174111539 0.006455262450294362 38
1734174125729 0.030087871942669153 39
1734174155457 0.010991100946234332 40
1734174169822 0.006447668394280804 41
1734174184096 0.05903915978140301 42
1734174198452 0.006280298525881436 43
1734174212685 0.01010111092020654 44
1734174242480 0.0014334431745939786 45
1734174256729 0.0378083871004896 46
1734174270970 0.013930144305858348 47
