1718527855000 0.1060429396373885 0
1718527884727 0.0662441583616393 1
1718527911950 0.2399818194764001 2
1718527939856 0.1411768975002425 3
1718527967258 0.1280638085944312 4
1718528005237 0.01034691504069737 5
1718528031388 0.048273272812366486 6
1718528059608 0.06156009754964283 7
1718528085778 0.1226890938622611 8
1718528114889 0.04184222221374512 9
1718528150378 0.09164120789085116 10
1718528177455 0.007042280265263149 11
1718528204436 0.024459740945271084 12
1718528233793 0.020962165934698924 13
1718528261401 0.0138126973594938 14
1718528297473 0.05958084336348942 15
1718528324437 0.04739491109337125 16
1718528351481 0.01547228651387351 17
1718528378146 0.027257106133869717 18
1718528405116 0.017095565795898438 19
1718528440895 0.011567507471357073 20
1718528467739 0.029214350240571157 21
1718528494427 0.006647910390581403 22
1718528521298 0.042263773935181756 23
1718528547868 0.027184305446488515 24
1718528584075 0.006976349013192313 25
1718528610552 0.027791123305048262 26
1718528637985 0.0010709890297480992 27
1718528665270 0.030093720981052945 28
1718528691942 0.01910175063780376 29
1718528726871 0.056300993476595194 30
1718528753253 0.008926276649747576 31
1718528779621 0.0 32
1718528806114 0.005065790244511196 33
1718528833581 0.033618382045200894 34
1718528869821 0.058531454631260464 35
1718528896003 0.028307506016322544 36
1718528922398 0.06418094038963318 37
1718528949508 0.011074817606381007 38
1718528976265 0.07078140335423606 39
1718529009783 0.08078412392309733 40
1718529035414 0.011741961751665388 41
1718529061252 0.023947373032569885 42
1718529087184 0.014050824301583427 43
1718529112393 0.0023683139256068637 44
1718529145455 0.0884316201720919 45
1718529172103 0.021229445934295654 46
1718529198332 0.027956779514040266 47
1718529222771 0.007468254438468388 48
1718529250715 0.019120220627103533 49
1718529284881 0.01966580961431776 50
1718529310722 0.023657449654170444 51
1718529336228 0.004270264080592564 52
1718529361918 0.04633285743849618 53
1718529387212 0.0 54
1718529421357 0.009433567523956299 55
1718529447158 0.0 56
1718529474177 0.0264550404889243 57
1718529499850 0.0133018216916493 58
1718529525705 0.0004346881593976702 59
1718529558605 0.0018817569528307234 60
1718529584335 0.020873944674219404 61
1718529610081 0.003581868750708444 62
1718529634893 0.042997351714542935 63
1718529660182 0.03337239846587181 64
1718529694399 0.012964470045907157 65
1718529719287 0.009683310985565186 66
1718529744342 0.01604972779750824 67
1718529769570 0.01618991792201996 68
1718529795420 0.0034940625940050396 69
1718529829964 0.017874098249844143 70
1718529855638 0.05698562945638384 71
1718529881654 0.011991532785551888 72
