1718516425663 0.7986597333635602 0
1718516429431 0.4837207964488438 1
1718516433441 0.3647580125502178 2
1718516437399 0.25732121403728214 3
1718516441222 0.18770194399569715 4
1718516448272 0.1625438311270305 5
1718516451919 0.12216044749532427 6
1718516455803 0.16017959054027284 7
1718516459664 0.09240603872707912 8
1718516463910 0.11348479347569602 9
1718516471235 0.13517106430871145 10
1718516475041 0.233747059745448 11
1718516478707 0.12062829094273704 12
1718516482837 0.11692827194929123 13
1718516486733 0.24667940395218985 14
1718516493866 0.08354670022215162 15
1718516497307 0.07621662318706512 16
1718516501058 0.08445328793355397 17
1718516505084 0.09240920841693878 18
1718516509948 0.16372857242822647 19
1718516516917 0.18444320453064783 20
1718516520884 0.06704230925866536 21
1718516524655 0.09484621988875526 22
1718516528889 0.13658267259597778 23
1718516532538 0.06687299800770623 24
1718516539471 0.06379794648715428 25
1718516542995 0.08632786784853254 26
1718516546732 0.08115282016141075 27
1718516550531 0.11757205852440425 28
1718516554414 0.09729996536459241 29
1718516561700 0.08002739931855883 30
1718516565722 0.052646310201713016 31
1718516569756 0.0519958170396941 32
1718516573398 0.0870784553033965 33
1718516577240 0.10196025563137871 34
1718516584646 0.06560916985784258 35
1718516588089 0.1075787650687354 36
1718516591814 0.10635845576013837 37
1718516595664 0.08035140697445188 38
1718516599587 0.06816989609173366 39
1718516606578 0.05036798332418714 40
1718516610278 0.09435003676584788 41
1718516614357 0.06598184044872012 42
1718516617945 0.08070198403272245 43
1718516621899 0.07513792599950518 44
1718516628900 0.0669437710727964 45
1718516632843 0.0633442189012255 46
1718516636819 0.053640250648771017 47
1718516640878 0.05592008999415806 48
1718516647374 0.04586173168250492 49
1718516654761 0.039349316486290524 50
1718516658692 0.03449121543339321 51
1718516662565 0.0823730570929391 52
1718516666475 0.022894693272454397 53
1718516670604 0.06574731266924314 54
1718516677494 0.05833388652120318 55
1718516681242 0.07374388085944313 56
1718516685286 0.09414861457688468 57
1718516688852 0.033397751195090156 58
1718516692696 0.06255858072212764 59
1718516699909 0.04330921385969434 60
1718516703617 0.05155787829841886 61
