1714748386934 0.15243909577839077 0
1714748405082 0.13821675814688206 1
1714748425569 0.12393540237098932 2
1714748450314 0.08957147039473057 3
1714748491030 0.06792331580072641 4
1714748510836 0.062337503768503666 5
1714748530321 0.06945895776152611 6
1714748550818 0.053706344682723284 7
1714748590070 0.07808289816603065 8
1714748610208 0.05147875007241964 9
1714748629324 0.04361012391746044 10
1714748651498 0.04319009371101856 11
1714748689467 0.035074341227300465 12
1714748712162 0.052096964325755835 13
1714748735769 0.05416872352361679 14
1714748757862 0.035149430856108665 15
1714748801831 0.030272244475781918 16
1714748826571 0.03348056226968765 17
1714748849838 0.05526340380311012 18
1714748874559 0.04906593728810549 19
1714748918302 0.03497751243412495 20
1714748937377 0.017798028886318207 21
1714748957845 0.0467632208019495 22
1714748978781 0.021695414558053017 23
1714749020451 0.029138021171092987 24
1714749042849 0.027602599933743477 25
1714749064037 0.04241024889051914 26
1714749086941 0.021763984579592943 27
1714749128273 0.019880650914274156 28
1714749148949 0.026663515716791153 29
1714749167994 0.04007591214030981 30
1714749186361 0.035346103832125664 31
