1718506764017 0.3252549022436142 0
1718506770556 0.32071625015565325 1
1718506777858 0.21423441171646118 2
1718506784567 0.12593888278518403 3
1718506791191 0.14797394190515792 4
1718506805648 0.1350016508783613 5
1718506811992 0.11974199488759041 6
1718506819169 0.11189991980791092 7
1718506825644 0.08107206331832069 8
1718506832858 0.06649941205978394 9
1718506844570 0.0790860652923584 10
1718506852177 0.1091158954160554 11
1718506858863 0.037529442459344864 12
1718506865698 0.04777215314762933 13
1718506872342 0.04352092104298728 14
1718506883299 0.030470343040568486 15
1718506889942 0.05371429717966488 16
1718506897355 0.04520996393901961 17
1718506904367 0.08395768010190555 18
1718506911865 0.032329284719058445 19
1718506922909 0.04489147663116455 20
1718506929611 0.027347910084894726 21
1718506936333 0.018432344709123884 22
1718506943073 0.041718724582876475 23
1718506950360 0.022614899490560805 24
1718506961131 0.028140792357070104 25
1718506967596 0.03854768191065107 26
1718506974605 0.026053578725882938 27
1718506981765 0.027925330081156323 28
1718506988362 0.04455343846763883 29
1718506998998 0.046393927718911855 30
1718507005432 0.03264661771910531 31
1718507011951 0.024712224623986652 32
1718507019358 0.05215539304273469 33
1718507026020 0.016279923064368113 34
1718507036795 0.030886845929282054 35
1718507043598 0.0325444612119879 36
1718507050130 0.027310682194573537 37
1718507056592 0.031071312725543976 38
1718507063760 0.08640022575855255 39
1718507074709 0.01233375711100442 40
1718507081839 0.0301254540681839 41
1718507088995 0.010719549443040575 42
1718507095984 0.004105997937066215 43
1718507103595 0.05286228018147605 44
1718507115792 0.014647424753223146 45
1718507122461 0.027584766702992574 46
1718507129220 0.019789225288799832 47
1718507136058 0.03131554116095815 48
1718507143167 0.021655829889433726 49
1718507155287 0.03445076463477952 50
1718507162417 0.027817202998059138 51
1718507169438 0.019035456968205317 52
1718507176714 0.03217029571533203 53
1718507183752 0.032745693411145894 54
1718507196410 0.026387926723275865 55
1718507203630 0.03001624665090016 56
1718507212379 0.04415950285536902 57
1718507219416 0.012336194515228271 58
1718507226729 0.008293157709496362 59
1718507238796 0.030424005218914578 60
1718507245649 0.01049667171069554 61
1718507252450 0.011894430965185165 62
1718507259864 0.009970909782818385 63
1718507266912 0.03661414182611874 64
1718507279094 0.022549409419298172 65
1718507286876 0.015424502747399467 66
