1715069177710 0.42324409261345863 0
1715069184211 0.20843332773074508 1
1715069190079 0.14660021103918552 2
1715069196269 0.28613152354955673 3
1715069219408 0.14099933207035065 4
1715069229851 0.1832657759077847 5
1715069238955 0.15562913287431002 6
1715069247844 0.1337958201766014 7
1715069282643 0.09503161394968629 8
1715069292180 0.06320081651210785 9
1715069301791 0.10903024347499013 10
1715069311107 0.1114704180508852 11
1715069337492 0.11973099038004875 12
1715069347063 0.09722864767536521 13
1715069358287 0.059763938188552856 14
1715069368316 0.09100559819489717 15
1715069398349 0.10567841306328773 16
1715069408497 0.07332853227853775 17
1715069418281 0.07981338864192367 18
1715069427724 0.06000424735248089 19
1715069466218 0.06954862922430038 20
1715069475591 0.09084867313504219 21
1715069486958 0.10132062248885632 22
1715069496447 0.07454637065529823 23
1715069528082 0.1060261931270361 24
1715069537634 0.06684116180986166 25
1715069547670 0.057074639946222305 26
1715069559911 0.05361643247306347 27
1715069594014 0.042580955661833286 28
1715069603183 0.03307001106441021 29
1715069613125 0.08545932546257973 30
1715069623155 0.055335236713290215 31
1715069653519 0.08592821843922138 32
1715069664345 0.04983960837125778 33
1715069674842 0.10442450642585754 34
1715069687192 0.03412435669451952 35
1715069741890 0.04294145107269287 36
1715069754112 0.03467138856649399 37
1715069764558 0.04055584780871868 38
1715069775970 0.04302307032048702 39
1715069804323 0.057646929286420345 40
1715069816206 0.10413405299186707 41
1715069827540 0.030613034032285213 42
1715069838265 0.024986453354358673 43
1715069864979 0.04265420511364937 44
1715069875753 0.07303205318748951 45
1715069889968 0.020365212112665176 46
1715069906139 0.04525482654571533 47
1715069936489 0.03615474794059992 48
1715069947924 0.028745552757754922 49
1715069959925 0.08174361102283001 50
