1714914644237 0.35548895597457886 0
1714914648268 0.1402803584933281 1
1714914652091 0.11897497810423374 2
1714914656030 0.10894178692251444 3
1714914665464 0.07388384453952312 4
1714914669445 0.1008869893848896 5
1714914673721 0.05715966783463955 6
1714914677785 0.04638851620256901 7
1714914687443 0.07531150709837675 8
1714914691729 0.052375802770256996 9
1714914696179 0.017128167673945427 10
1714914700733 0.026438439264893532 11
1714914709826 0.023553214967250824 12
1714914714282 0.05231188703328371 13
1714914718754 0.048795945942401886 14
1714914723378 0.045266833156347275 15
1714914732518 0.016818836331367493 16
1714914736814 0.012255534529685974 17
1714914741147 0.017515992745757103 18
1714914746834 0.02690432220697403 19
1714914755603 0.008735965937376022 20
1714914759891 0.02390405535697937 21
1714914764702 0.034659313037991524 22
1714914769341 0.02247120998799801 23
1714914779070 0.06853926181793213 24
1714914784232 0.03684523142874241 25
1714914789244 0.01672014221549034 26
1714914794635 0.03590648272074759 27
1714914804792 0.034995025023818016 28
1714914809419 0.01623673178255558 29
1714914814458 0.029429899528622627 30
1714914819221 0.03793006204068661 31
1714914829358 0.04127119295299053 32
1714914833953 0.02064754255115986 33
1714914838592 0.018042271956801414 34
1714914845745 0.00811794027686119 35
1714914861094 0.02816600538790226 36
1714914868384 0.009793981444090605 37
1714914873252 0.009654322639107704 38
1714914877915 0.0034198835492134094 39
1714914889080 0.026344647631049156 40
1714914893668 0.027109861839562654 41
1714914898300 0.011074885725975037 42
1714914904747 0.017184609547257423 43
1714914916614 0.012439903803169727 44
1714914921580 0.01523383182939142 45
1714914927406 0.016143670305609703 46
1714914932616 0.001499902456998825 47
1714914944220 0.035592323169112206 48
1714914948783 0.0484768021851778 49
1714914953798 0.025845130905508995 50
1714914959531 0.017457889392971992 51
1714914971695 0.0361569169908762 52
1714914978039 0.026712285354733467 53
1714914983127 0.009047990664839745 54
1714914988907 0.004721902310848236 55
1714915000372 0.014265444129705429 56
1714915005270 0.017797257751226425 57
1714915011147 0.021789519116282463 58
1714915017436 0.013800626620650291 59
1714915028959 0.008009115234017372 60
1714915034286 0.012766988947987556 61
1714915039031 0.0 62
1714915044446 0.017855245620012283 63
1714915055497 0.005961202085018158 64
1714915061231 0.013686969876289368 65
1714915066465 0.014229435473680496 66
1714915071812 0.013785196468234062 67
1714915083508 0.022227101027965546 68
1714915088657 0.023094648495316505 69
1714915094769 0.007484724745154381 70
1714915100039 0.008625330403447151 71
1714915111024 0.008379053324460983 72
1714915116652 0.006003089249134064 73
1714915121905 0.005872907117009163 74
1714915127760 0.04971889406442642 75
1714915138482 0.018837325274944305 76
1714915143584 0.015441818162798882 77
1714915148969 0.021666841581463814 78
1714915156617 0.019071321934461594 79
1714915173472 0.022435047198086977 80
1714915179535 0.004789168015122414 81
1714915185409 0.007467081770300865 82
1714915190730 0.001177869737148285 83
1714915202624 0.0072349850088357925 84
1714915209594 0.028223696164786816 85
1714915215143 0.018319876864552498 86
1714915220285 0.0028060898184776306 87
1714915232625 0.0053131114691495895 88
1714915237744 0.006690178066492081 89
1714915242650 0.035472188144922256 90
1714915247766 0.0026740357279777527 91
1714915258726 0.004726450890302658 92
1714915264445 0.0062402524054050446 93
1714915269612 0.012541983276605606 94
1714915274804 0.0 95
