1745004439172 0.09643339200152291 0
1745004455216 0.033551348787215024 1
1745004471228 0.018475576278029218 2
1745004487143 0.022682455394210085 3
1745004520001 0.023989138814310234 4
1745004535701 0.012383823231276538 5
1745004551303 0.018495515558040805 6
1745004566747 0.02519850363023579 7
1745004598505 0.014621284298805727 8
1745004614157 0.010919138375255797 9
1745004629542 0.013425208938618502 10
1745004645383 0.018562422306179844 11
1745004677410 0.00565642766499271 12
1745004693296 0.007893791629208459 13
1745004709212 0.007145652030077245 14
1745004725003 0.023443416588836245 15
1745004760787 0.006398589596048825 16
1745004778514 0.007528658438887861 17
1745004794497 0.0060270362430148655 18
1745004810294 0.03049861053780963 19
1745004842128 0.014148615197175078 20
1745004858056 0.005066076914469401 21
1745004873446 0.0036547097067038217 22
1745004889491 0.0033830182833804023 23
