1718534199044 0.07048169417040688 0
1718534220926 0.09796272005353655 1
1718534243612 0.13265857845544815 2
1718534266331 0.07798462041786738 3
1718534287847 0.1318544021674565 4
1718534317566 0.19785745654787337 5
1718534340540 0.24760331426348006 6
1718534363180 0.24598380497523717 7
1718534385554 0.2110761148588998 8
1718534408049 0.20178852123873575 9
1718534437175 0.08973244684083122 10
1718534459036 0.04388694252286639 11
1718534481986 0.0447051397391728 12
1718534506215 0.007464800562177386 13
1718534529298 0.07428544334002904 14
1718534560528 0.05120965199811118 15
1718534583184 0.0012468525341578893 16
1718534606914 0.0028285724776131766 17
1718534630576 0.00414162448474339 18
1718534654227 0.03807347800050463 19
1718534686052 0.03932352151189532 20
1718534709725 0.03950574355466025 21
1718534733626 0.06465315818786621 22
1718534757966 0.010511091777256556 23
1718534782360 0.0202994133744921 24
1718534815427 0.05529951410634177 25
1718534839325 0.020067572593688965 26
1718534862715 0.02255951932498387 27
1718534886040 0.011217860238892692 28
1718534909469 0.04583418369293213 29
1718534942405 0.014979583876473563 30
1718534965103 0.010285209332193648 31
1718534988765 0.010803094932011195 32
1718535012536 0.015897461346217563 33
1718535035393 0.0180809029511043 34
1718535068931 0.018584047045026506 35
1718535092702 0.032598604049001424 36
1718535115719 0.012190927352224077 37
1718535138867 0.00923172916684832 38
1718535161871 0.016659032021250044 39
1718535197862 0.013103456369468145 40
1718535223071 0.025228906955037798 41
1718535246526 0.0016202756336757115 42
1718535270896 0.04485107319695609 43
1718535294158 0.007233878331524985 44
1718535325431 0.003837338515690395 45
1718535349044 0.03633306494780949 46
1718535375077 0.028134599328041077 47
1718535399306 0.0 48
1718535421981 0.000369455133165632 49
1718535453091 0.00896200111934117 50
