1714833264471 0.4562652464956045 0
1714833267229 0.17373479343950748 1
1714833269682 0.20068345312029123 2
1714833272395 0.16527172923088074 3
1714833278236 0.15481636300683022 4
1714833281090 0.16206935048103333 5
1714833283747 0.10462648887187243 6
1714833286474 0.08553319238126278 7
1714833292205 0.1513602789491415 8
1714833295042 0.09618221037089825 9
1714833298026 0.06636989675462246 10
1714833300754 0.11357389204204082 11
1714833306862 0.07771139079704881 12
1714833309752 0.07738175243139267 13
1714833312631 0.12470316328108311 14
1714833315472 0.10734662599861622 15
1714833321417 0.08647755719721317 16
1714833324176 0.07243242394179106 17
1714833327101 0.10905192047357559 18
1714833329768 0.06453530633734772 19
1714833335573 0.0935344360768795 20
1714833338141 0.06134083308279514 21
1714833341079 0.052520624827593565 22
1714833344046 0.08041901374235749 23
1714833349997 0.07684987597167492 24
1714833352765 0.10338438302278519 25
1714833355677 0.07079973164945841 26
1714833358613 0.05335921235382557 27
1714833364529 0.04883985873311758 28
1714833367549 0.06115453829988837 29
1714833370659 0.015227625146508217 30
1714833373490 0.05517382360994816 31
1714833381621 0.032377975061535835 32
1714833384616 0.052079543471336365 33
1714833387484 0.048802079632878304 34
1714833390656 0.04026847891509533 35
1714833396694 0.08061609603464603 36
1714833399889 0.0533305499702692 37
1714833402570 0.05263099633157253 38
1714833405544 0.04938481142744422 39
1714833411435 0.06439603865146637 40
1714833414504 0.0753579824231565 41
1714833417369 0.04819832742214203 42
1714833420256 0.06373490951955318 43
1714833426539 0.036464526783674955 44
1714833429438 0.0740219708532095 45
1714833432445 0.04136262089014053 46
1714833435328 0.05160555336624384 47
1714833441258 0.04508583806455135 48
1714833444145 0.055603500455617905 49
1714833447073 0.05062028067186475 50
1714833450047 0.04447897640056908 51
1714833456095 0.03862324543297291 52
1714833459195 0.02387324720621109 53
1714833461927 0.05729327513836324 54
1714833464886 0.06421726010739803 55
1714833470819 0.07531776838004589 56
1714833473932 0.048844906967133284 57
1714833477136 0.033365385606884956 58
1714833480132 0.06757567543536425 59
1714833486367 0.0068854037672281265 60
1714833489461 0.052086297422647476 61
1714833492301 0.045599598437547684 62
1714833495373 0.0428584311157465 63
