1718532500965 0.6960501174132029 0
1718532515528 0.3923060824421959 1
1718532529977 0.35889852543671924 2
1718532544453 0.31928494407071006 3
1718532559007 0.27048037615087295 4
1718532589206 0.2851680459247695 5
1718532604351 0.2734103571209643 6
1718532618969 0.1515804852048556 7
1718532634225 0.10153264676531155 8
1718532648919 0.19543176144361496 9
1718532678827 0.11422898061573505 10
1718532693469 0.1539209703138719 11
1718532708039 0.11741931736469269 12
1718532722948 0.14774158872993817 13
1718532737649 0.156965681248241 14
1718532768229 0.0716808617580682 15
1718532783619 0.12281070132222441 16
1718532798504 0.07155398238036367 17
1718532813094 0.05960851079887814 18
1718532827942 0.1016832214469711 19
1718532859413 0.11265939525845978 20
1718532874306 0.11240221601393488 21
1718532889228 0.06600517189751069 22
