1718518477084 0.21371171836342132 0
1718518484739 0.37718532766614643 1
1718518492739 0.34866340671266827 2
1718518501748 0.11004710836069924 3
1718518509222 0.12158818968704768 4
1718518521531 0.2917990194899695 5
1718518528952 0.10525002862725939 6
1718518536312 0.10305545798369817 7
1718518543649 0.061552469219480245 8
1718518551095 0.17208831012248993 9
1718518563348 0.08263688428061348 10
1718518570752 0.1876513340643474 11
1718518578199 0.11895927148205894 12
1718518585401 0.1099577865430287 13
1718518592621 0.11995716818741389 14
1718518604417 0.08511137749467577 15
1718518611974 0.12454402020999364 16
1718518619624 0.06966496152537209 17
1718518626986 0.04647420985358102 18
1718518634540 0.10697807903800692 19
1718518646392 0.18311643387590135 20
1718518653749 0.1791679859161377 21
1718518661013 0.08251621893474034 22
1718518668423 0.15789954577173507 23
1718518675641 0.12045940118176597 24
1718518687483 0.041405126452445984 25
1718518694631 0.08818234716142927 26
1718518702247 0.11058215796947479 27
1718518709589 0.06302563739674431 28
1718518716871 0.02588137984275818 29
1718518729853 0.09435922865356718 30
1718518737136 0.10881549332823072 31
1718518744475 0.08210987171956471 32
1718518751817 0.08284674638084003 33
1718518761876 0.09723639062472753 34
1718518773694 0.10721972158976964 35
1718518781028 0.06030192119734628 36
1718518788188 0.08064792837415423 37
1718518795693 0.056141442486218045 38
1718518803144 0.025676446301596507 39
1718518814828 0.0644073486328125 40
1718518822372 0.019503140023776462 41
1718518829685 0.046859649675233025 42
1718518837046 0.04278768173285893 43
1718518844682 0.05788663455418178 44
1718518857051 0.0672823116183281 45
1718518864726 0.04561558685132435 46
1718518872037 0.09013583404677254 47
1718518879529 0.17556127054350718 48
1718518886980 0.07522987255028316 49
