1714752549552 0.48319749161601067 0
1714752568462 0.23426702991127968 1
1714752587978 0.20549263805150986 2
1714752606673 0.14930146280676126 3
1714752652026 0.12105301208794117 4
1714752671960 0.09677952248603106 5
1714752692863 0.10519557818770409 6
1714752716877 0.07260775938630104 7
1714752756232 0.13067367672920227 8
1714752776737 0.05941033340059221 9
1714752798899 0.07728463504463434 10
1714752820191 0.0981891667470336 11
1714752860229 0.06043059192597866 12
1714752882361 0.03213472990319133 13
1714752902505 0.07180850906297565 14
1714752923533 0.07717790454626083 15
1714752961199 0.073883100412786 16
1714752981545 0.06751480139791965 17
1714753005461 0.06641579000279307 18
1714753025678 0.09648424945771694 19
1714753069130 0.058324212208390236 20
1714753092951 0.03772503323853016 21
1714753112743 0.05920891650021076 22
1714753132838 0.06489266455173492 23
1714753174044 0.05765830050222576 24
1714753192824 0.05002816393971443 25
1714753216858 0.04729142505675554 26
1714753237398 0.042180693708360195 27
1714753281096 0.04920537956058979 28
1714753301472 0.047987544909119606 29
1714753325760 0.04666779190301895 30
1714753345535 0.04370710998773575 31
