1714911856577 0.4165122862905264 0
1714911861325 0.22396164573729038 1
1714911866112 0.1544761285185814 2
1714911870961 0.19806209206581116 3
1714911880735 0.08554237289354205 4
1714911885377 0.1095883809030056 5
1714911891006 0.09102138644084334 6
1714911895786 0.08057142421603203 7
1714911904824 0.05498559959232807 8
1714911910978 0.051563220797106624 9
1714911916226 0.09809227101504803 10
1714911921234 0.05424729851074517 11
1714911929862 0.06597098696511239 12
1714911934301 0.07425558194518089 13
1714911938381 0.06025612726807594 14
1714911942844 0.054560111835598946 15
1714911954029 0.0697488971054554 16
1714911959189 0.04748567729257047 17
1714911964438 0.059691345784813166 18
1714911970912 0.05497834179550409 19
1714911980322 0.0829320102930069 20
1714911985253 0.054097664542496204 21
1714911989942 0.036134129855781794 22
1714911995406 0.06320644728839397 23
1714912004837 0.036095520947128534 24
1714912009951 0.04454507865011692 25
1714912014997 0.06774492561817169 26
1714912019274 0.050704946741461754 27
1714912028168 0.03511122614145279 28
1714912032823 0.05063895881175995 29
1714912037327 0.05957832559943199 30
1714912041448 0.03432433679699898 31
