1714920031380 0.6038056239485741 0
1714920046710 0.3545594662427902 1
1714920064062 0.2425320027396083 2
1714920079445 0.226338692009449 3
1714920101736 0.22993014566600323 4
1714920117073 0.24677004851400852 5
1714920131832 0.23491224087774754 6
1714920147628 0.13903813995420933 7
1714920171379 0.19828734593465924 8
1714920186900 0.19560270942747593 9
1714920202532 0.1642880067229271 10
1714920220135 0.17456252872943878 11
1714920241427 0.1461206143721938 12
1714920255747 0.20081045664846897 13
1714920271264 0.12954644486308098 14
1714920286693 0.126087985932827 15
1714920309025 0.16165341204032302 16
1714920323996 0.08101995009928942 17
1714920338665 0.10112154297530651 18
1714920353750 0.08510863780975342 19
1714920374937 0.08437161124311388 20
1714920389923 0.14628467382863164 21
1714920406632 0.13499004021286964 22
1714920421594 0.08502523135393858 23
1714920443526 0.12475945521146059 24
1714920459297 0.0739743122830987 25
1714920474106 0.09414330311119556 26
1714920489253 0.09550416562706232 27
1714920511170 0.054539768025279045 28
1714920526598 0.1015464342199266 29
1714920541220 0.12047346867620945 30
1714920557023 0.06278268899768591 31
1714920577758 0.03939454723149538 32
1714920595032 0.06109143607318401 33
1714920609548 0.1012745713815093 34
1714920624398 0.10498100239783525 35
1714920648907 0.08615917060524225 36
1714920664126 0.10178547771647573 37
1714920680508 0.08287985902279615 38
1714920698570 0.10727197490632534 39
1714920721131 0.15761092584580183 40
1714920737224 0.07304328959435225 41
1714920752554 0.06534974556416273 42
1714920767529 0.06904655043035746 43
1714920790778 0.05107240844517946 44
1714920806181 0.11268292274326086 45
1714920820535 0.052217863500118256 46
1714920837349 0.07002638839185238 47
1714920858605 0.07680003251880407 48
1714920873208 0.07800965383648872 49
1714920888424 0.07726455479860306 50
1714920904235 0.07030991371721029 51
1714920926869 0.0638153376057744 52
1714920941884 0.0564439557492733 53
1714920956429 0.1189995352178812 54
1714920971153 0.06445834506303072 55
1714920995704 0.03801055299118161 56
1714921011166 0.11136220581829548 57
