1718503839093 0.29056435397693087 0
1718503847087 0.1468276275055749 1
1718503855041 0.15095397297825133 2
1718503862913 0.03748497526560511 3
1718503870722 0.024138659238815308 4
1718503883601 0.01741739043167659 5
1718503891622 0.04303884719099317 6
1718503899695 0.02031005865761212 7
1718503907488 0.047538177243300846 8
1718503915913 0.01638075283595494 9
1718503928647 0.036101333796978 10
1718503936532 0.016006254724093845 11
1718503944356 0.010594956576824188 12
1718503952404 0.03039622519697462 13
1718503960187 0.028969342155115946 14
1718503975105 0.0006382720811026436 15
1718503984674 0.004981734922954014 16
1718503992590 0.01318202433841569 17
1718504000565 0.018640421330928802 18
1718504008299 0.032805176717894416 19
1718504021117 0.007661998271942139 20
1718504028960 0.007546224764415196 21
1718504036741 0.02030068210193089 22
1718504045079 0.02796711666243417 23
1718504053179 0.021168493798800876 24
1718504065556 0.013128942676952906 25
1718504072771 0.01623163159404482 26
1718504080087 0.00202130845614842 27
1718504087381 0.018218653542654856 28
1718504095466 0.004359396972826549 29
1718504108905 0.0293291588979108 30
1718504116302 0.018668713314192637 31
1718504123543 0.007268705538340977 32
1718504131148 0.007538311183452606 33
1718504138430 0.009040174739701408 34
1718504149980 0.010388793689864022 35
1718504157415 0.004091211727687291 36
1718504164863 0.0196382360798972 37
1718504172264 0.015754556017262594 38
1718504180128 0.01749168975012643 39
1718504191886 7.743920598711287e-05 40
1718504199457 0.00675220148903983 41
1718504207241 0.018000412732362747 42
1718504214417 0.009238277162824358 43
1718504221886 0.02272887315068926 44
1718504233959 0.004725409405572074 45
1718504241266 0.015098118356295995 46
1718504248525 0.007657289505004883 47
1718504256237 0.0042471545083182195 48
1718504263709 0.0025625314031328473 49
1718504275270 0.011620116553136281 50
1718504283697 0.00046872241156441826 51
1718504290982 0.003800375120980399 52
1718504298552 0.009913142238344465 53
1718504305841 0.012914176498140608 54
1718504317416 0.011156073638371058 55
1718504324969 0.007789752313068935 56
1718504332252 0.021350639207022532 57
1718504339735 0.012402598346982683 58
1718504347083 0.0007902937276022774 59
