1718523454288 0.5607852510043553 0
1718523458241 0.35804095438548494 1
1718523462200 0.36013563190187725 2
1718523465742 0.20204969814845494 3
1718523469964 0.23761762040002005 4
1718523477060 0.24058761873415538 5
1718523481530 0.1746983336550849 6
1718523485419 0.19142934254237584 7
1718523489505 0.12539642517055785 8
1718523493366 0.1416192685386964 9
1718523501100 0.09116236705865179 10
1718523505047 0.09360060777648219 11
1718523508863 0.1460037635905402 12
1718523512695 0.1141653082200459 13
1718523516480 0.07861447360898767 14
1718523523844 0.1260131070656436 15
1718523527891 0.11954178235360555 16
1718523531785 0.08230766015393394 17
1718523535627 0.16042779545698846 18
1718523539529 0.08003703930548259 19
1718523546583 0.05938116248164858 20
1718523550873 0.07411434820720128 21
1718523554662 0.08477557982717242 22
1718523558211 0.08568924878324781 23
1718523562970 0.07054557757718223 24
1718523570039 0.08606027279581342 25
1718523573765 0.06585076557738441 26
1718523578498 0.03137610001223428 27
1718523582507 0.051341578896556585 28
1718523586498 0.04010191134044102 29
1718523594038 0.0973139623446124 30
1718523598029 0.030749574303627014 31
1718523601958 0.05635980676327433 32
1718523605661 0.11693041505558151 33
1718523609393 0.06382090970873833 34
1718523616636 0.041736312742744176 35
1718523620375 0.03256615889923913 36
1718523625274 0.04581907923732485 37
1718523628931 0.05373401567339897 38
1718523634118 0.024744811866964613 39
1718523641285 0.05182955094746181 40
1718523645084 0.031028849205800464 41
1718523649153 0.04601384060723441 42
