1718522909396 0.08406694872038704 0
1718522920551 0.14457085728645325 1
1718522931601 0.1794172418969018 2
1718522942976 0.1305262701851981 3
1718522954370 0.03949737974575588 4
1718522971975 0.06018679482596261 5
1718522983214 0.04592538731438773 6
1718522994429 0.016878792217799594 7
1718523005752 0.0340123964207513 8
1718523016805 0.027435653443847383 9
1718523033729 0.13109730184078217 10
1718523044668 0.03133173074041094 11
1718523055864 0.04594293662479946 12
1718523067106 0.03827133349009922 13
1718523078669 0.1697282556976591 14
1718523095927 0.0793693448816027 15
1718523107241 0.10191882401704788 16
1718523118546 0.0770574573959623 17
1718523129979 0.09015470956053052 18
1718523141045 0.07210553863218852 19
1718523157590 0.04315844923257828 20
1718523169746 0.03196670860052109 21
1718523181062 0.021720213549477712 22
1718523192431 0.0 23
1718523203568 0.05846211527075086 24
1718523220220 0.01649136628423418 25
1718523231957 0.02743152209690639 26
1718523243233 0.0057815441063472205 27
1718523254375 0.004549235105514526 28
1718523265597 0.091220922768116 29
1718523281904 0.0 30
1718523293195 0.07184023303644997 31
1718523304252 0.027705700269767215 32
1718523316248 0.1280807118330683 33
1718523327662 0.034019523433276584 34
1718523344455 0.026354500225612094 35
1718523357113 0.014542548784187861 36
1718523368239 0.01937615339245115 37
1718523379755 0.09330035958971296 38
1718523392173 0.025140461112771715 39
1718523408880 0.05251816766602652 40
1718523420714 0.019754532192434584 41
1718523431793 0.009345891220229012 42
1718523443522 0.051365822553634644 43
