1714741238102 8.8125 0
1714741240663 8.3125 0
1714741242577 5.8125 0
1714741244939 5.5625 0
1714741247700 4.9375 0
1714741249717 3.875 0
1714741252477 5.25 0
1714741255011 6.5 0
1714741257332 2.8125 0
1714741260016 7.3125 0
1714741261963 6.625 0
1714741264570 3.0625 0
1714741266873 2.875 0
1714741269053 3.5 0
1714741270163 8.153846153846153 0
1714741456402 3.75 0
1714741458066 1.75 0
1714741459571 2.75 0
1714741462275 7.5625 0
1714741464783 11.625 0
1714741466722 14.125 0
1714741468457 4.0 0
1714741470197 2.3125 0
1714741471719 3.3125 0
1714741474620 3.5 0
1714741477212 4.125 0
1714741479677 8.3125 0
1714741482065 6.6875 0
1714741483682 10.0625 0
1714741484670 2.3076923076923075 0
