1714741238106 0.375 0
1714741240666 0.5625 0
1714741242581 0.5625 0
1714741244941 0.5625 0
1714741247702 0.5 0
1714741249720 0.75 0
1714741252479 0.4375 0
1714741255015 0.6875 0
1714741257336 0.5625 0
1714741260018 0.8125 0
1714741261967 0.375 0
1714741264573 0.625 0
1714741266877 0.625 0
1714741269056 0.6875 0
1714741270166 0.3076923076923077 0
1714741456407 0.5 0
1714741458071 0.6875 0
1714741459574 0.625 0
1714741462278 0.375 0
1714741464788 0.5 0
1714741466726 0.625 0
1714741468460 0.4375 0
1714741470200 0.5625 0
1714741471724 0.5 0
1714741474623 0.4375 0
1714741477217 0.5625 0
1714741479679 0.4375 0
1714741482069 0.5 0
1714741483684 0.4375 0
1714741484672 0.5384615384615384 0
