1714741238105 0.75 0
1714741240664 0.8125 0
1714741242580 0.875 0
1714741244941 0.875 0
1714741247701 0.9375 0
1714741249719 0.9375 0
1714741252479 0.75 0
1714741255014 0.9375 0
1714741257335 0.9375 0
1714741260017 0.875 0
1714741261965 0.875 0
1714741264572 0.9375 0
1714741266876 1.0 0
1714741269055 0.875 0
1714741270165 0.7692307692307693 0
1714741456406 0.875 0
1714741458070 1.0 0
1714741459573 1.0 0
1714741462277 0.8125 0
1714741464786 0.75 0
1714741466723 0.875 0
1714741468459 0.875 0
1714741470199 1.0 0
1714741471722 0.9375 0
1714741474622 0.9375 0
1714741477215 0.9375 0
1714741479678 0.8125 0
1714741482068 0.8125 0
1714741483683 0.9375 0
1714741484671 1.0 0
