1718472235935 0.20028402975627355 0
1718472284560 0.4725939227002008 1
1718472332721 0.19427390822342464 2
1718472380384 0.15087937244347163 3
1718472429543 0.28280520013400484 4
1718472489737 0.44097756275108885 5
1718472538492 0.27101251908711027 6
1718472587897 0.3689373220716204 7
1718472636827 0.26208105789763586 8
1718472686156 0.3268880524805614 9
1718472747190 0.2509568440062659 10
1718472796707 0.4617016038724354 11
1718472846174 0.17046383023262024 12
1718472894554 0.16549904431615556 13
1718472942791 0.23329513839312963 14
1718473004253 0.14512130405221665 15
1718473053227 0.23291336638586863 16
1718473101609 0.19340381452015468 17
1718473150633 0.30639805112566265 18
1718473202624 0.18029445196901048 19
1718473267794 0.24380776498998916 20
1718473321185 0.31038507393428255 21
1718473373661 0.19804224371910095 22
1718473426001 0.14621647766658238 23
1718473478231 0.10070810147694179 24
1718473542565 0.044255580220903666 25
1718473594225 0.11211079784802028 26
1718473645788 0.057178035378456116 27
1718473697107 0.2766856231859752 28
1718473748764 0.10993299313953944 29
1718473814076 0.22596263885498047 30
1718473864497 0.19166443603379385 31
1718473916588 0.07241034082004003 32
1718473968125 0.14432561823299953 33
1718474019767 0.06847496117864336 34
1718474082105 0.14062069356441498 35
1718474132746 0.11218821576663426 36
1718474183747 0.03912772238254547 37
1718474234596 0.08174340639795576 38
1718474286815 0.21979322390896933 39
1718474351723 0.07837715106351036 40
1718474404459 0.22622683431421006 41
1718474455968 0.06575546945844378 42
1718474508040 0.13795946112700871 43
1718474559520 0.025639651077134267 44
