1734184040632 1.5139780905511644 0
1734184059437 1.4695432583491008 1
1734184079037 1.4275710582733154 2
1734184097512 1.481848610772027 3
1734184116453 1.4126230875651042 4
1734184157236 1.4393003516727023 5
1734184178604 1.4653818474875555 6
1734184198316 1.5114427275127835 7
1734184216748 1.4047452343834772 8
1734184235218 1.4506924947102864 9
1734184271666 1.3489101197984483 10
1734184289931 1.3441692458258734 11
1734184308058 1.3944726652569241 12
1734184326295 1.3872954315609403 13
1734184344195 1.2712464994854398 14
1734184380361 1.335006554921468 15
1734184399370 1.268461373117235 16
1734184418504 1.20885255601671 17
1734184437691 1.2106952203644648 18
1734184456417 1.204148769378662 19
1734184492484 1.1305052770508661 20
1734184511122 1.2592894898520575 21
1734184530077 1.2251535985204909 22
1734184550852 1.26624991496404 23
1734184570130 1.2592169245084126 24
1734184610121 1.2659119102689955 25
1734184629027 1.1998913420571222 26
1734184648675 1.2402730451689825 27
1734184667359 1.143842061360677 28
1734184686473 1.1556362840864394 29
1734184723371 1.1476283470789592 30
1734184742402 1.16231189833747 31
1734184761143 1.1027949915991888 32
1734184780143 1.0718108614285786 33
1734184798473 1.0903921789593167 34
1734184835038 1.090844260321723 35
1734184853484 1.0646700991524591 36
1734184871478 1.1085674100451999 37
1734184889985 1.0820155325863097 38
1734184908037 0.9865323371357388 39
1734184944425 1.1413294408056471 40
1734184962993 1.0126549734009638 41
1734184981016 1.0772930714819167 42
1734184999085 1.074685427877638 43
1734185017252 1.102545592519972 44
1734185053246 1.0006633864508734 45
1734185071908 1.1635933741927147 46
1734185090293 1.0198880566491022 47
1734185111251 1.1307188669840496 48
1734185130282 1.103457020388709 49
1734185168371 1.0390099949306912 50
1734185187278 0.954214334487915 51
1734185205676 0.9968212478690677 52
1734185224666 0.9804597695668539 53
1734185243367 0.8572796545922756 54
1734185279593 1.0657897028658125 55
