1718508526569 0.20778951048851013 0
1718508534847 0.09466366895607539 1
1718508542891 0.07481387044702258 2
1718508550934 0.0588525938136237 3
1718508559153 0.05886088205235345 4
1718508571877 0.03851869170154844 5
1718508580223 0.03337131121328899 6
1718508588031 0.025331071444920132 7
1718508595720 0.04150889015623501 8
1718508604286 0.03188168789659228 9
1718508617029 0.04360155814460346 10
1718508625191 0.03322337567806244 11
1718508632867 0.05108431593648025 12
1718508641420 2.8546367372785297e-05 13
1718508650545 0.021676267896379744 14
1718508663884 0.014844753912517003 15
1718508672161 0.022416280316455022 16
1718508680241 0.026162148586341312 17
1718508687914 0.00981463332261358 18
1718508695664 0.028829675699983324 19
1718508710856 0.011354494307722365 20
1718508719027 0.03543228709271976 21
1718508727880 0.05956733439649854 22
1718508735506 0.007197658930506025 23
1718508743684 0.009776390024593897 24
1718508756697 0.02027710633618491 25
1718508764790 0.02338973432779312 26
1718508773137 0.03710427028792245 27
1718508781378 0.014633351138659887 28
1718508789681 0.013857678111110414 29
1718508802364 0.0025415399244853427 30
1718508810225 0.009012718285833086 31
1718508818230 0.015608822660786765 32
1718508827220 0.01295815727540425 33
1718508835231 0.020570948719978333 34
1718508848295 0.00953942324434008 35
1718508859039 0.008254569556031908 36
1718508868072 0.05101766437292099 37
1718508877298 0.01209814048239163 38
1718508885062 0.007641868399722236 39
1718508898915 0.017095439668212618 40
1718508908509 0.016914814710617065 41
1718508917428 0.015053118978227888 42
1718508925241 0.0037340521812438965 43
1718508933595 0.007482643638338361 44
1718508946575 0.07384276922260012 45
1718508955172 0.007571759500673839 46
1718508963200 0.025820136602435793 47
1718508971260 0.004311936242239816 48
1718508979114 0.010477894118853978 49
