1718517383586 0.12042702734470367 0
1718517395779 0.08187191826956612 1
1718517409244 0.041431507893971035 2
1718517422268 0.015238093478339059 3
1718517435313 0.011982406888689314 4
1718517453626 0.008805719869477409 5
1718517466252 0.023214124143123627 6
1718517478927 0.020671909408909932 7
1718517491753 0.005124605127743312 8
1718517505139 0.034810290804931095 9
1718517523755 0.03589518687554768 10
1718517536483 0.06495574010269982 11
1718517549211 0.018777201218264445 12
1718517561725 0.025821323905672346 13
1718517574500 0.03901749210698264 14
1718517592747 0.016338667699268887 15
1718517605345 0.008563820804868425 16
1718517619285 0.002236617462975638 17
1718517631749 0.07132872300488609 18
1718517644061 0.014835751482418605 19
1718517662155 0.05783952133996146 20
1718517674544 0.050415911844798496 21
1718517686948 0.013096607157162257 22
1718517699493 0.022133455744811466 23
1718517712049 0.0589009736265455 24
1718517730197 0.025298679513590678 25
1718517742904 0.00025200843811035156 26
1718517755772 0.029731199145317078 27
1718517768320 0.012260855308600835 28
1718517780953 0.0 29
1718517799007 0.011288357632500785 30
1718517811703 0.03330441564321518 31
1718517824175 0.002836099692753383 32
1718517836655 0.0068598176751817974 33
1718517849137 0.02586061188152858 34
1718517868916 0.006532617977687291 35
1718517881679 0.0031055339745112826 36
1718517894645 0.0 37
1718517907465 0.001743205956050328 38
1718517920185 0.007580420800617763 39
