1734106804247 1.1441699266433716 0
1734106823291 1.0670524570677016 1
1734106841246 0.9136925538380941 2
1734106862104 0.8690658476617601 3
1734106879872 0.7477687994639078 4
1734106917077 0.7610401577419705 5
1734106934649 0.6659371058146158 6
1734106952165 0.6067536870638529 7
1734106969754 0.5361220770412021 8
1734106987546 0.5126035941971673 9
1734107022867 0.546255949470732 10
1734107040377 0.5095899535550011 11
1734107057943 0.4132224983639187 12
1734107075753 0.49926940931214225 13
1734107093353 0.3533821354309718 14
1734107128041 0.3603119370010164 15
1734107146021 0.36678914146290886 16
1734107163888 0.3852550917201572 17
1734107183013 0.3458084348175261 18
1734107200687 0.3682996713452869 19
1734107236395 0.26737895359595615 20
1734107254096 0.307646522919337 21
1734107271360 0.358211444483863 22
1734107288605 0.25976842145125073 23
1734107305819 0.25246328115463257 24
1734107340274 0.3119474583201938 25
1734107357847 0.2659672958155473 26
1734107375292 0.26305461509360206 27
1734107392625 0.2853093594312668 28
1734107409848 0.27586978177229565 29
1734107446263 0.2724325731396675 30
1734107463930 0.22200139032469857 31
1734107482058 0.22942509005467096 32
1734107501107 0.20576528335611025 33
1734107519587 0.20578929657737413 34
1734107555785 0.2719510793685913 35
1734107573206 0.2882908626537149 36
1734107590821 0.18258784587184587 37
1734107608528 0.18731294241216448 38
1734107626035 0.22308261195818582 39
1734107661542 0.19020180383490193 40
1734107678965 0.16252971274985206 41
1734107696232 0.15934362138311067 42
1734107713491 0.23000672376818126 43
1734107730740 0.18267123194204438 44
1734107765971 0.16617296056614983 45
1734107783230 0.2540304222040706 46
1734107800761 0.26900066311160725 47
1734107818164 0.14747806969616148 48
1734107836214 0.24975112463451093 49
1734107873647 0.21770391861597696 50
1734107890536 0.13822934817936686 51
1734107908616 0.24634499930673176 52
1734107927454 0.21376204035348362 53
1734107945106 0.1342884757452541 54
1734107980216 0.19009368908074167 55
1734107997397 0.12755078905158573 56
1734108014781 0.20305892328421274 57
1734108032213 0.18101145327091217 58
1734108049751 0.1102051441040304 59
1734108085022 0.13262547552585602 60
1734108102311 0.2111892741587427 61
1734108119899 0.18670080271032122 62
1734108137256 0.15007227348784605 63
1734108155683 0.11650869540042347 64
1734108195512 0.14913038743866813 65
1734108214109 0.12871053773495886 66
1734108232497 0.13577971814407241 67
1734108249597 0.11427995935082436 68
1734108266407 0.2514711773643891 69
1734108301375 0.08279598669873343 70
1734108319000 0.12114880937669012 71
1734108336246 0.19824960496690539 72
1734108353953 0.11132468159000079 73
1734108371781 0.12460645743542248 74
1734108408802 0.16620781355433994 75
1734108427363 0.1554828141298559 76
1734108445458 0.08560336078517139 77
1734108463242 0.09043329954147339 78
1734108481015 0.27086015542348224 79
1734108516464 0.12633546483185557 80
1734108533860 0.12140799562136333 81
1734108551505 0.10357893258333206 82
1734108568896 0.14647980427576435 83
1734108586611 0.08696084635125266 84
1734108623250 0.15628176141116354 85
1734108642751 0.0791578230758508 86
1734108661009 0.13171991323017412 87
1734108678747 0.1534969707330068 88
1734108696375 0.10838441488643487 89
1734108731362 0.1422850704855389 90
1734108749179 0.08716045388589716 91
1734108766260 0.07664564422642191 92
1734108784081 0.15225890829848746 93
1734108801639 0.11486834732608663 94
1734108837180 0.12485051444835132 95
1734108854819 0.1067610981149806 96
1734108872533 0.1269917275963558 97
1734108890223 0.12918869571553337 98
1734108908822 0.1279330444522202 99
1734108947088 0.07038238354855114 100
1734108964858 0.1268341764807701 101
1734108982264 0.07833517053061062 102
1734109000150 0.06927802537878354 103
1734109023785 0.09281060099601746 104
1734109061133 0.07738739086521997 105
1734109080022 0.11183707064224614 106
1734109098233 0.07255317185384531 107
1734109116256 0.13667676121824318 108
1734109134232 0.12704954172174135 109
1734109170514 0.10997682478692797 110
1734109188960 0.07667432890997992 111
1734109206902 0.09537634991769058 112
1734109224616 0.12015274580981997 113
1734109243113 0.0756060919827885 114
1734109280391 0.06147035081974334 115
1734109298829 0.06063016359176901 116
1734109316646 0.12082944644822015 117
1734109336575 0.07064423668715689 118
1734109354157 0.059722409997549325 119
1734109388767 0.08912366131941478 120
1734109406248 0.11330806795093748 121
1734109423485 0.10809523053467274 122
1734109441008 0.07586643762058681 123
1734109458359 0.12735388138227993 124
1734109493252 0.023542863213353686 125
1734109510279 0.06824757220844428 126
1734109527482 0.06277127419081 127
