1718533763814 0.0725844491805349 0
1718533778390 0.0426471084356308 1
1718533792896 0.06942635774612427 2
1718533807302 0.09875001226152692 3
1718533821836 0.0665313686643328 4
1718533851685 0.07500184220927102 5
1718533866011 0.07943956979683467 6
1718533880442 0.09905378946236201 7
1718533894941 0.06401329168251582 8
1718533909333 0.12309204467705318 9
1718533938947 0.10225973171847207 10
1718533953874 0.06704191863536835 11
1718533968668 0.06694602540561131 12
1718533983351 0.21635230949946813 13
1718533997984 0.1533808708190918 14
1718534027917 0.05081055845533099 15
1718534042752 0.04508723744324276 16
1718534057226 0.0468525013753346 17
1718534071548 0.0906619280576706 18
1718534086479 0.04683452418872288 19
1718534116113 0.11719601920672826 20
1718534130462 0.07162140948431832 21
1718534144982 0.13557893250669753 22
