1718507300110 0.46992482457842144 0
1718507309355 0.34899633271353586 1
1718507315492 0.1798895618745259 2
1718507323088 0.21608260061059678 3
1718507329317 0.09414681792259216 4
1718507340520 0.1312037291271346 5
1718507347918 0.1386650007750307 6
1718507354435 0.16337126839373792 7
1718507361295 0.09547614306211472 8
1718507367534 0.17683304420539311 9
1718507378868 0.05044046150786536 10
1718507385323 0.11752337110894066 11
1718507392008 0.18132472144705908 12
1718507398317 0.13250680374247686 13
1718507405173 0.14764069872243063 14
1718507416420 0.08078055722372872 15
1718507423546 0.1082453578710556 16
1718507429801 0.09952614190323013 17
1718507436281 0.06059782419885908 18
1718507442767 0.11813144172940936 19
1718507453744 0.03583329383816038 20
1718507460100 0.054969826979296546 21
1718507466505 0.051844271165984016 22
1718507473164 0.054163881710597446 23
1718507480102 0.08882601772035871 24
1718507491156 0.07839484512805939 25
1718507497663 0.0840895835842405 26
1718507504095 0.04778782118644033 27
1718507510276 0.03600598978144782 28
1718507516598 0.040475169462817054 29
1718507527983 0.06022414245775768 30
1718507534974 0.04673567068363939 31
1718507541091 0.13508377756391252 32
1718507547418 0.05974794924259186 33
1718507554537 0.08538234340293067 34
1718507568949 0.0853782764502934 35
1718507575049 0.04839626380375454 36
1718507581038 0.038150347769260406 37
1718507587598 0.03938746239457812 38
1718507594564 0.05456590971776417 39
1718507605121 0.05758876034191677 40
1718507611593 0.06788160651922226 41
1718507618024 0.05804154383284705 42
1718507624181 0.0721580907702446 43
1718507630574 0.019092189414160594 44
1718507640958 0.11587787632431303 45
1718507646892 0.034402335328715186 46
1718507653035 0.05049710614340646 47
1718507658729 0.06196881724255426 48
1718507664668 0.03079349547624588 49
1718507674575 0.03358846689973559 50
1718507680438 0.05417650618723461 51
1718507686679 0.05601178003208978 52
1718507692789 0.05488196973289762 53
1718507698522 0.019959362489836558 54
1718507708733 0.04300787193434579 55
1718507714654 0.049243584275245667 56
1718507720623 0.05611814239195415 57
1718507726356 0.04350842535495758 58
1718507732321 0.0055011170251028875 59
1718507742329 0.048385071967329295 60
1718507748171 0.06477242708206177 61
1718507754309 0.17197219175951822 62
1718507760462 0.06569164352757591 63
1718507766407 0.047362027423722405 64
1718507777364 0.0462646803685597 65
