1734113222951 0.3001578143901295 0
1734113248687 0.23679234915309483 1
1734113274222 0.2482062487138642 2
1734113293502 0.1846654625195596 3
1734113312322 0.13898683422141606 4
1734113348636 0.1862267330288887 5
1734113367530 0.09674633853137493 6
1734113387184 0.09333966351631615 7
1734113405901 0.12307089831059177 8
1734113424434 0.12025657378964955 9
1734113458725 0.10690869432356623 10
1734113477765 0.09968558264275391 11
1734113496648 0.08815815496361917 12
1734113516299 0.090216180930535 13
1734113535398 0.05356482726832231 14
1734113570314 0.11945481018887626 15
1734113589704 0.1184856297655238 16
1734113609764 0.06673126943254222 17
1734113629216 0.13572849850687715 18
1734113647897 0.0951828733086586 19
1734113682932 0.08545260100315015 20
1734113701418 0.0913167835937606 21
1734113720590 0.08866413630959061 22
1734113739115 0.07642589695751667 23
1734113757997 0.1566894542839792 24
1734113793193 0.12314324867394236 25
1734113812227 0.03977069093121423 26
1734113832050 0.07114289452632268 27
1734113851251 0.055474366501180664 28
1734113869965 0.06293297310670216 29
1734113907288 0.018895334521302074 30
1734113925712 0.05341151853402456 31
1734113943967 0.05719935066170163 32
1734113963016 0.06467040483322409 33
1734113981968 0.07789889060788685 34
1734114017574 0.1736573978430695 35
1734114036101 0.09334227463437451 36
1734114054291 0.07056545590360959 37
1734114072476 0.08710357464022106 38
1734114091565 0.09696748480200768 39
1734114127931 0.07939115704761611 40
1734114146598 0.06550948249383105 41
1734114165630 0.0729136544590195 42
1734114184661 0.2859877194795344 43
1734114204036 0.045851592181457415 44
1734114238952 0.11574145572053061 45
1734114257938 0.04689158799333705 46
