1714750329851 0.4751606807112694 0
1714750353047 0.2361532987561077 1
1714750373951 0.20597108639776707 2
1714750399254 0.11221912875771523 3
1714750444517 0.17178544960916042 4
1714750464729 0.15858430229127407 5
1714750489469 0.08487268257886171 6
1714750511439 0.11167188733816147 7
1714750553649 0.08788983710110188 8
1714750574442 0.054190050810575485 9
1714750595423 0.0660020608920604 10
1714750616968 0.06367874331772327 11
1714750661952 0.06938161887228489 12
1714750684541 0.054077375563792884 13
1714750704655 0.04690036014653742 14
1714750725090 0.08872098103165627 15
1714750765324 0.05781592894345522 16
1714750784861 0.07773911207914352 17
1714750807360 0.040594534715637565 18
1714750830506 0.05194193869829178 19
1714750878524 0.04561097570694983 20
1714750902861 0.02969307452440262 21
1714750925740 0.07103474251925945 22
1714750948907 0.04225457273423672 23
1714751002403 0.06653402769006789 24
1714751027159 0.053539326414465904 25
1714751047224 0.03980758413672447 26
1714751068422 0.03463559225201607 27
1714751112008 0.04126322269439697 28
1714751132482 0.023526374716311693 29
1714751157038 0.036379434168338776 30
1714751178187 0.05134309455752373 31
