1718516717213 0.49258844767298016 0
1718516725501 0.2238276026078633 1
1718516734460 0.21411830612591334 2
1718516742422 0.15187947771378926 3
1718516750234 0.14713137916156224 4
1718516762820 0.13353188123021806 5
1718516770879 0.0857801011630467 6
1718516778990 0.15362149902752467 7
1718516786840 0.11797812687499183 8
1718516794767 0.18872079785381043 9
1718516808046 0.11233266975198473 10
1718516816677 0.16981507305588042 11
1718516824526 0.0865766778588295 12
1718516833153 0.059819049068859646 13
1718516841008 0.0628585506762777 14
1718516853729 0.09308279092822756 15
1718516861791 0.08329106441565923 16
1718516869942 0.09874695113727025 17
1718516877677 0.060336679220199585 18
1718516893254 0.18820794565337046 19
1718516906291 0.05306957449231829 20
1718516914301 0.09516203297036034 21
1718516922211 0.0706315700496946 22
1718516930164 0.1059384388583047 23
1718516938696 0.03605904110840389 24
1718516951658 0.06835076638630458 25
1718516959674 0.10760708791869027 26
1718516967400 0.07788663570369993 27
1718516975365 0.06860913123403277 28
1718516983258 0.06236568306173597 29
1718516999879 0.05957734904118946 30
1718517008074 0.08545184454747609 31
1718517017010 0.07597514411567577 32
1718517024813 0.11140765462602888 33
1718517032585 0.04433290021760123 34
1718517045198 0.06307191933904376 35
1718517053317 0.09555645925658089 36
1718517061405 0.045709366244929175 37
1718517069755 0.03892265579530171 38
1718517078294 0.04733382165431976 39
1718517091641 0.015724805848939077 40
1718517099654 0.093143672815391 41
1718517107614 0.06398782453366689 42
1718517115503 0.05700628991637911 43
1718517123422 0.07194552677018302 44
1718517136665 0.047674751707485745 45
1718517144651 0.04034039803913662 46
1718517152683 0.0012051974024091447 47
1718517160248 0.06234501089368548 48
1718517167988 0.012439996004104614 49
1718517180663 0.0759745282786233 50
1718517188951 0.0583148439015661 51
1718517197057 0.07690399565867015 52
1718517204921 0.15843823445694788 53
1718517212913 0.05867256437029157 54
1718517225782 0.07215643567698342 55
1718517234299 0.05707425943442753 56
1718517242449 0.17544606966631754 57
1718517250463 0.06607918015548161 58
1718517258415 0.12083620578050613 59
1718517273161 0.12138922193220683 60
1718517281430 0.11436417592423302 61
1718517289384 0.020877950957843235 62
1718517297310 0.10588158773524421 63
1718517305582 0.012870162725448608 64
1718517318525 0.07611006791038173 65
1718517326627 0.029787262635571615 66
1718517335271 0.044495732656547 67
1718517343113 0.044115192123821804 68
1718517351435 0.06683099056993212 69
1718517364487 0.04364754259586334 70
