1714815631218 0.3881312105804682 0
1714815651144 0.22080158442258835 1
1714815669086 0.16626057401299477 2
1714815688557 0.11799622140824795 3
1714815729299 0.07246316596865654 4
1714815748370 0.08778920629993081 5
1714815768092 0.09172872282215394 6
1714815788349 0.0935116745531559 7
1714815829346 0.1014586352976039 8
1714815854217 0.10032141767442226 9
1714815873511 0.04792872816324234 10
1714815894110 0.11502866633236408 11
1714815932233 0.05910782888531685 12
1714815954123 0.05845978297293186 13
1714815975783 0.06679168436676264 14
1714815997583 0.037093797232955694 15
1714816043216 0.056849761633202434 16
1714816065461 0.09791894815862179 17
1714816087209 0.04761146171949804 18
1714816107883 0.051188381388783455 19
1714816153571 0.042571243830025196 20
1714816173025 0.04750183271244168 21
1714816193033 0.04678912600502372 22
1714816216073 0.03585313260555267 23
1714816257599 0.04838794469833374 24
1714816281668 0.0520302876830101 25
1714816302155 0.03318323381245136 26
1714816323969 0.034047506749629974 27
1714816368914 0.06680941767990589 28
1714816388573 0.03228973620571196 29
1714816408022 0.048947040690109134 30
1714816427688 0.03802225552499294 31
1714816472694 0.037412954960018396 32
1714816493236 0.06326193176209927 33
1714816516060 0.0637326305732131 34
1714816539864 0.03428545221686363 35
1714816584945 0.06749595352448523 36
1714816606169 0.023429682478308678 37
1714816628931 0.04302528756670654 38
1714816649806 0.023958416655659676 39
1714816690836 0.030993977561593056 40
1714816712354 0.04251125268638134 41
1714816733640 0.01740341354161501 42
1714816759178 0.03687630966305733 43
1714816801408 0.05841660313308239 44
1714816823752 0.031168412417173386 45
1714816844951 0.025025954033480957 46
1714816864566 0.04800334479659796 47
