1714835066644 0.546840101480484 0
1714835069989 0.4057481214404106 1
1714835073063 0.2569891642779112 2
1714835075752 0.2175794504582882 3
1714835081911 0.21936379000544548 4
1714835084806 0.21754033118486404 5
1714835087648 0.22138078603893518 6
1714835090407 0.16417688131332397 7
1714835096872 0.13793126912787557 8
1714835099726 0.12360631488263607 9
1714835102517 0.13822214677929878 10
1714835105115 0.12033906579017639 11
1714835111087 0.15967069379985332 12
1714835113916 0.16482996754348278 13
1714835116517 0.12029389850795269 14
1714835119207 0.09385702107101679 15
1714835125534 0.12202899903059006 16
1714835128491 0.1413003858178854 17
1714835131339 0.12930162670090795 18
1714835134263 0.10852344147861004 19
1714835140558 0.08815989457070827 20
1714835143514 0.14457445964217186 21
1714835146394 0.10048947483301163 22
1714835149238 0.10981588996946812 23
1714835155573 0.12188778445124626 24
1714835159035 0.09082829114049673 25
1714835161876 0.07078772550448775 26
1714835164680 0.10489993263036013 27
1714835170953 0.11364288069307804 28
1714835174080 0.05776756815612316 29
1714835177218 0.07190486509352922 30
1714835180298 0.08717232337221503 31
1714835186944 0.11494896374642849 32
1714835190178 0.08075381256639957 33
1714835193109 0.07335957046598196 34
1714835196251 0.09237320255488157 35
1714835202356 0.11336463317275047 36
1714835205450 0.1235627019777894 37
1714835208483 0.11111750081181526 38
1714835211624 0.051335375756025314 39
1714835218658 0.09346992801874876 40
1714835221750 0.13314632140100002 41
1714835224998 0.050721531733870506 42
1714835228461 0.09611790627241135 43
1714835234972 0.09706432372331619 44
1714835238173 0.05533071421086788 45
1714835241105 0.02843736787326634 46
1714835243996 0.11693391017615795 47
1714835250544 0.07325560785830021 48
1714835253412 0.09931247867643833 49
1714835256182 0.05272190913092345 50
1714835259244 0.05019433842971921 51
1714835265411 0.09067073930054903 52
1714835268548 0.05322507210075855 53
1714835271731 0.06547132966807112 54
1714835274775 0.07875141687691212 55
1714835280862 0.07817456405609846 56
1714835283883 0.05761533882468939 57
1714835286818 0.03936656005680561 58
1714835289946 0.06224240642040968 59
1714835296260 0.11764257680624723 60
1714835299202 0.09867951273918152 61
1714835302568 0.04442550428211689 62
1714835305723 0.022517472505569458 63
