1734126087778 0.15949097151557604 0
1734126103299 0.12305404576990339 1
1734126118915 0.0379982089313368 2
1734126134580 0.04696687890423669 3
1734126150924 0.09159639343205425 4
1734126183042 0.04480231830125882 5
1734126200653 0.029303374389807384 6
1734126216829 0.019806968048214912 7
1734126232505 0.026100229058000777 8
1734126248482 0.026369289236350194 9
1734126280021 0.0167089125348462 10
1734126295879 0.12184395144383113 11
1734126311892 0.07060474943783548 12
1734126328435 0.013704322071539031 13
1734126343965 0.07564817917429739 14
1734126375618 0.019126724037859175 15
1734126392148 0.04365618030230204 16
1734126408391 0.03454881822431667 17
1734126424336 0.05925822092427148 18
1734126440261 0.01637020820958747 19
1734126472130 0.01574035495933559 20
1734126487856 0.03280791516105334 21
1734126503444 0.010252749547362328 22
1734126519235 0.05931549539996518 23
1734126534853 0.029593167619572744 24
1734126566437 0.03997581066020454 25
1734126582098 0.04374096873733732 26
1734126597746 0.04072310258116987 27
1734126613676 0.023213253563476935 28
1734126629385 0.008655689449773895 29
1734126660721 0.08140399617453416 30
1734126682032 0.02329350428448783 31
1734126703053 0.007970183052950434 32
1734126724069 0.04390780131022135 33
1734126743731 0.00895521368107034 34
1734126795082 0.014507064388857948 35
1734126818357 0.019176907009548612 36
1734126840256 0.026014796147743862 37
1734126865056 0.018705818388197158 38
1734126888291 0.04390792507264349 39
1734126941498 0.03665932868089941 40
1734126957337 0.008646955920590295 41
