1718493988398 0.315609804221562 0
1718494002367 0.19898599705525807 1
1718494016384 0.13798388519457408 2
1718494030852 0.11795424137796674 3
1718494044725 0.1184461595756667 4
1718494065486 0.07490044779011182 5
1718494079596 0.0837872007063457 6
1718494093465 0.0939362570643425 7
1718494107136 0.1558243589741843 8
1718494121018 0.12925277863230025 9
1718494140928 0.05749413264649255 10
1718494155064 0.04462432648454394 11
1718494170464 0.05896804268871035 12
1718494184162 0.06423634929316384 13
1718494199942 0.07134078762360982 14
1718494220765 0.09168300671236855 15
1718494234319 0.060651459864207675 16
1718494248128 0.04344690165349415 17
1718494262195 0.06722167134284973 18
1718494275752 0.04180648922920227 19
1718494295604 0.057124953184809 20
1718494309343 0.061523915002388616 21
1718494323398 0.0718761757016182 22
1718494336846 0.04753970035484859 23
1718494350361 0.047687825347696035 24
1718494370124 0.022041444267545427 25
1718494383938 0.07913412260157722 26
1718494401401 0.045584261417388916 27
1718494415742 0.05632504927260535 28
1718494429059 0.043403804302215576 29
1718494449362 0.03252709124769483 30
1718494463082 0.037515033568654745 31
1718494476938 0.019573272338935306 32
1718494490583 0.01221689475434167 33
1718494504582 0.03717204076903207 34
1718494524768 0.033216425350734165 35
1718494538498 0.045584135821887424 36
1718494552176 0.024783636842455183 37
1718494565594 0.022526749542781284 38
1718494579055 0.017501464911869595 39
1718494599369 0.016693391970225742 40
1718494613260 0.03926554322242737 41
1718494626885 0.04823132285049984 42
1718494640795 0.013918536049979073 43
1718494654687 0.019360508237566267 44
1718494674212 0.04329631158283779 45
1718494687883 0.04342794418334961 46
1718494701771 0.08694302290678024 47
1718494715597 0.023455207901341573 48
1718494729535 0.02711970465523856 49
1718494750162 0.009814072932515825 50
1718494764039 0.03832872424806867 51
1718494777797 0.022062569856643677 52
1718494791625 0.023867541125842502 53
1718494805811 0.016420730522700717 54
1718494825663 0.054434393133435933 55
1718494839391 0.01807499464069094 56
1718494853134 0.02423086336680821 57
1718494866855 0.016115956008434296 58
1718494880433 0.023193714874131337 59
1718494900417 0.010013546262468611 60
1718494914503 0.02620193042925426 61
1718494929297 0.008752882480621338 62
