1718503051064 0.07690773478576116 0
1718503065369 0.025376675384385244 1
1718503079560 0.03625625904117312 2
1718503093972 0.03331623652151653 3
1718503108629 0.0237635395356587 4
1718503129320 0.0169144475034305 5
1718503143950 0.0273190438747406 6
1718503158265 0.004673068012510028 7
1718503172856 0.027572148612567356 8
1718503186814 0.005855837038585118 9
1718503206891 0.007644721439906529 10
1718503221198 0.010351331106254033 11
1718503236410 0.0006290205887385777 12
1718503250593 0.0 13
1718503264852 0.007078454962798527 14
1718503285094 0.0008815867560250419 15
1718503300874 0.007406863783087049 16
1718503315450 0.0036952325275966097 17
1718503329626 0.012565885271344866 18
1718503344399 0.0121842622756958 19
1718503364800 0.000599456684929984 20
1718503379312 0.002591626984732492 21
1718503393631 0.007771321705409459 22
1718503409065 0.007248175995690482 23
1718503424511 0.009746587702206202 24
1718503446426 0.005789559866700854 25
1718503460871 0.003538446766989572 26
1718503475694 0.004961052111216954 27
1718503490998 0.0009599540914808001 28
1718503506195 0.0026822686195373535 29
1718503526915 0.0020241950239454 30
1718503541816 0.005140240703310285 31
1718503556686 0.013592788151332311 32
1718503571861 0.006587748016629901 33
1718503587189 0.0008003626550946917 34
1718503608749 0.0003268505845751081 35
1718503623985 0.0 36
1718503639117 0.003432865653719221 37
1718503654381 0.004289963415690831 38
1718503669613 0.00037359765597752163 39
1718503692234 0.0 40
1718503706978 0.010317649160112654 41
1718503722230 0.0004246660641261509 42
1718503737378 0.005893591259207044 43
1718503752787 0.00036996815885816304 44
1718503774607 0.001306793519428798 45
1718503791350 0.011572003364562988 46
1718503807239 0.004663918699537005 47
1718503823027 0.0 48
