1715157427349 0.3109726309776306 0
1715157429348 0.15147605964115687 1
1715157432642 0.17011275035994394 2
1715157434713 0.13819288462400436 3
1715157439390 0.09190478495189122 4
1715157441409 0.1682880393096379 5
1715157443385 0.16644317656755447 6
1715157445465 0.16030597686767578 7
1715157449874 0.09819151886871882 8
1715157452057 0.1189908470426287 9
1715157453961 0.06783725108419146 10
1715157455983 0.10421748672212873 11
1715157460219 0.090361088514328 12
1715157462229 0.08059667689459664 13
1715157464353 0.11203387379646301 14
1715157466483 0.13338751026562282 15
1715157470506 0.17057231494358607 16
1715157472567 0.03471224222864423 17
1715157474710 0.08966543419020516 18
1715157476743 0.13846924901008606 19
1715157480823 0.10197607534272331 20
1715157482830 0.07110599534852165 21
1715157484878 0.07772056971277509 22
1715157487290 0.054390562432152886 23
1715157491465 0.15116253069468907 24
1715157493461 0.07022315689495631 25
1715157495439 0.07952146099082061 26
1715157497345 0.10291891012872968 27
1715157501280 0.08865888629640852 28
1715157503326 0.09784072637557983 29
1715157505329 0.059830550636563985 30
1715157507323 0.05430044872420175 31
1715157511539 0.13578897075993673 32
1715157513463 0.06961093204362052 33
1715157515497 0.052343662296022685 34
1715157517479 0.056003762142998834 35
1715157521381 0.06618615984916687 36
1715157523557 0.05289528625352042 37
1715157525637 0.033136231558663506 38
1715157527804 0.07839141998972211 39
1715157531983 0.04715516311781747 40
1715157534091 0.07328818738460541 41
1715157535963 0.06171324849128723 42
1715157538025 0.07551321387290955 43
