1714913840696 0.4745848998427391 0
1714913844960 0.24950002320110798 1
1714913848946 0.14460513181984425 2
1714913852799 0.19991897605359554 3
1714913861613 0.1299626687541604 4
1714913865832 0.09458602033555508 5
1714913870194 0.1590718124061823 6
1714913874491 0.08330693654716015 7
1714913882889 0.1515334048308432 8
1714913886725 0.12742371670901775 9
1714913889155 0.12239318527281284 10
1714913892474 0.11383824236690998 11
1714913897949 0.059038957580924034 12
1714913900573 0.07287929393351078 13
1714913903068 0.05817882530391216 14
1714913905857 0.06581184081733227 15
1714913911887 0.0749586297897622 16
1714913915195 0.0662795677781105 17
1714913917717 0.04787467233836651 18
1714913921407 0.08387847617268562 19
1714913927556 0.05784565815702081 20
1714913929881 0.040080460254102945 21
1714913932326 0.043266402557492256 22
1714913934825 0.04682424431666732 23
1714913940445 0.04381706425920129 24
1714913942941 0.04049632418900728 25
1714913945496 0.04369221441447735 26
1714913947943 0.057110431138426065 27
1714913953558 0.04300273023545742 28
1714913956006 0.07040085643529892 29
1714913958805 0.05501150153577328 30
1714913961515 0.05335939675569534 31
1714913967336 0.07171455584466457 32
1714913969939 0.04675127752125263 33
1714913972474 0.0593377947807312 34
1714913975118 0.055541547015309334 35
1714913980927 0.051738450303673744 36
1714913983792 0.03584183380007744 37
1714913986295 0.0376735832542181 38
1714913988711 0.05073078442364931 39
1714913994754 0.07124027144163847 40
1714913997504 0.059887466952204704 41
1714913999919 0.026516897603869438 42
1714914002848 0.07533472776412964 43
1714914008540 0.03422481007874012 44
1714914011259 0.02996109426021576 45
1714914013849 0.07466726005077362 46
1714914016913 0.026249205693602562 47
