1714743316837 9.0625 4
1714743318791 9.5625 4
1714743320579 8.375 4
1714743323002 4.1875 4
1714743324889 2.6875 4
1714743327321 7.75 4
1714743328610 5.0625 4
1714743330765 4.3125 4
1714743332481 8.5625 4
1714743335844 2.625 4
1714743337394 8.6875 4
1714743340148 18.8125 4
1714743341997 4.6875 4
1714743344085 7.9375 4
1714743345826 1.7692307692307692 4
1714743523777 4.625 9
1714743525600 5.5625 9
1714743527948 5.1875 9
1714743529352 9.8125 9
1714743530970 7.375 9
1714743532794 4.1875 9
1714743534707 2.625 9
1714743537914 9.9375 9
1714743539101 3.6875 9
1714743541003 14.0 9
1714743542884 10.5 9
1714743546178 3.3125 9
1714743547702 6.25 9
1714743549969 11.1875 9
1714743551676 5.3076923076923075 9
