1714743316840 0.375 4
1714743318793 0.3125 4
1714743320583 0.375 4
1714743323004 0.5 4
1714743324891 0.5625 4
1714743327323 0.5 4
1714743328613 0.375 4
1714743330768 0.4375 4
1714743332484 0.5 4
1714743335846 0.5625 4
1714743337395 0.3125 4
1714743340151 0.3125 4
1714743342001 0.5625 4
1714743344091 0.4375 4
1714743345828 0.6923076923076923 4
1714743523780 0.5625 9
1714743525603 0.5625 9
1714743527950 0.6875 9
1714743529354 0.375 9
1714743530975 0.3125 9
1714743532797 0.4375 9
1714743534709 0.6875 9
1714743537917 0.4375 9
1714743539103 0.5625 9
1714743541007 0.3125 9
1714743542885 0.3125 9
1714743546182 0.5625 9
1714743547705 0.5625 9
1714743549973 0.4375 9
1714743551678 0.5384615384615384 9
