1714743316839 0.8125 4
1714743318793 0.75 4
1714743320581 0.8125 4
1714743323003 0.875 4
1714743324890 1.0 4
1714743327322 0.75 4
1714743328612 0.8125 4
1714743330767 0.9375 4
1714743332482 0.6875 4
1714743335845 0.9375 4
1714743337395 0.8125 4
1714743340150 0.625 4
1714743342000 0.9375 4
1714743344087 0.75 4
1714743345827 1.0 4
1714743523779 0.9375 9
1714743525602 0.8125 9
1714743527949 0.9375 9
1714743529353 0.5625 9
1714743530973 0.625 9
1714743532796 0.9375 9
1714743534708 0.9375 9
1714743537916 0.75 9
1714743539103 0.875 9
1714743541005 0.8125 9
1714743542885 0.8125 9
1714743546181 0.9375 9
1714743547704 0.875 9
1714743549971 0.8125 9
1714743551677 0.8461538461538461 9
