1714819099892 0.2880270015448332 0
1714819120254 0.13526367768645287 1
1714819136854 0.18070943281054497 2
1714819155093 0.09068821370601654 3
1714819193442 0.10107764322310686 4
1714819212842 0.05661370977759361 5
1714819236483 0.0720429103821516 6
1714819258231 0.07286389265209436 7
1714819300308 0.051889849826693535 8
1714819321739 0.07288073375821114 9
1714819340482 0.04884941317141056 10
1714819362072 0.05457239784300327 11
1714819400043 0.048101045191287994 12
1714819420499 0.04454963095486164 13
1714819440093 0.05026935180649161 14
1714819460176 0.048405202105641365 15
1714819500329 0.059057459235191345 16
1714819522510 0.046606769785284996 17
1714819544556 0.0416859295219183 18
1714819565602 0.07661541107245284 19
1714819610052 0.02847285568714142 20
1714819632556 0.07012667163508013 21
1714819654220 0.08022955991327763 22
1714819675611 0.036966098472476006 23
1714819716065 0.027742916718125343 24
1714819736293 0.03115245670778677 25
1714819756035 0.02767826057970524 26
1714819777102 0.031635187566280365 27
1714819827485 0.02576477825641632 28
1714819853787 0.056686604395508766 29
1714819877467 0.050048244651407 30
1714819904612 0.03441126458346844 31
1714819950641 0.04502219706773758 32
1714819976555 0.017438741400837898 33
1714819997915 0.06457190960645676 34
1714820020053 0.03626540116965771 35
1714820063105 0.04749464150518179 36
1714820086501 0.05185864306986332 37
1714820108181 0.013455711305141449 38
1714820132889 0.05556523101404309 39
1714820183785 0.020393458660691977 40
1714820205997 0.026781052350997925 41
1714820229150 0.030505720525979996 42
1714820249124 0.03015599399805069 43
1714820294900 0.026783036068081856 44
1714820320923 0.02471158467233181 45
1714820342681 0.03658498637378216 46
1714820364746 0.03579970169812441 47
1714820409728 0.061246453784406185 48
1714820433298 0.013567037880420685 49
1714820458201 0.01391942659392953 50
1714820481650 0.019754108041524887 51
1714820524282 0.0426653977483511 52
1714820547168 0.0280905716936104 53
1714820568388 0.03216552268713713 54
1714820591494 0.020273441448807716 55
1714820636876 0.011155884712934494 56
1714820667972 0.03927769139409065 57
1714820689197 0.035836744122207165 58
1714820712063 0.020217634737491608 59
1714820757607 0.004245540127158165 60
1714820782051 0.01411459781229496 61
1714820803995 0.02655685693025589 62
1714820829536 0.014562094584107399 63
