1714757432591 0.17434784770011902 0
1714757450730 0.12255468964576721 1
1714757474075 0.07519226521253586 2
1714757496561 0.09353242442011833 3
1714757539475 0.06043943855911493 4
1714757562380 0.03445020876824856 5
1714757584540 0.08775070123374462 6
1714757609821 0.05353763699531555 7
1714757654119 0.04354309104382992 8
1714757680331 0.03188975527882576 9
1714757705588 0.04035831242799759 10
1714757733086 0.040152834728360176 11
1714757780044 0.045864520128816366 12
1714757807385 0.0393950454890728 13
1714757832056 0.044719086959958076 14
1714757855278 0.059475003741681576 15
1714757908880 0.03353563090786338 16
1714757935882 0.032297427766025066 17
1714757962906 0.03460802463814616 18
1714757989966 0.04201813414692879 19
1714758047455 0.024051334708929062 20
1714758071056 0.012341920170001686 21
1714758094069 0.034523798152804375 22
1714758117347 0.015850767493247986 23
1714758174068 0.0461006686091423 24
1714758198723 0.008981665596365929 25
1714758222898 0.02558927983045578 26
1714758246244 0.019767826423048973 27
1714758298669 0.055176395922899246 28
1714758323380 0.03983849100768566 29
1714758347589 0.014571158215403557 30
1714758379484 0.02541731670498848 31
