1718499583166 0.6530429933752332 0
1718499589697 0.34361603004591806 1
1718499597113 0.29968256929091047 2
1718499603784 0.19418969697185925 3
1718499613261 0.1418080319251333 4
1718499627435 0.2325313857623509 5
1718499635019 0.12831619488341467 6
1718499641940 0.0941522302372115 7
1718499649043 0.10904934470142637 8
1718499656189 0.13260372515235627 9
1718499668968 0.11696363346917289 10
1718499675641 0.10766361015183586 11
1718499682522 0.11542998786483492 12
1718499689653 0.12442954097475324 13
1718499699529 0.12087422156972545 14
1718499712161 0.173530746783529 15
1718499719304 0.056224118918180466 16
1718499726751 0.05596588924527168 17
1718499734247 0.07032940430300576 18
1718499741313 0.10780919981854302 19
1718499753613 0.09257971601826805 20
1718499761061 0.06849222577043942 21
1718499767987 0.10938804596662521 22
1718499775355 0.06247352303138801 23
1718499782388 0.08272377720900945 24
1718499794138 0.07417585727359567 25
1718499800761 0.12805985446487153 26
1718499807478 0.1012678359236036 27
1718499814528 0.0400239181305681 28
1718499821684 0.04455934890678951 29
1718499833497 0.05320661302123751 30
1718499840693 0.05518316690410886 31
1718499847580 0.052197696907179694 32
1718499855448 0.0586257129907608 33
1718499862099 0.031795190913336616 34
1718499874616 0.03373836087329047 35
1718499883028 0.08981754098619733 36
1718499889830 0.024397951683827808 37
1718499897236 0.06619063019752502 38
1718499904228 0.0640433904315744 39
1718499916173 0.03577994342361178 40
1718499924162 0.027408557012677193 41
1718499931354 0.04297172224947384 42
1718499938682 0.027434219207082475 43
1718499945351 0.04735957711402859 44
1718499963820 0.07810136995145253 45
1718499970453 0.04458718427589962 46
1718499977329 0.04161316475697926 47
1718499984732 0.024690501391887665 48
1718499992016 0.06783900303500039 49
1718500004204 0.05770694411226681 50
1718500011084 0.044497646391391754 51
1718500018602 0.046966214797326496 52
1718500026366 0.038872022181749344 53
1718500033626 0.03964980159487043 54
