1718493568559 0.21352902693407877 0
1718493577918 0.08395604203854289 1
1718493586025 0.026462425610848835 2
1718493594359 0.09212227006043706 3
1718493602621 0.049309701791831424 4
1718493615686 0.0858181459563119 5
1718493624186 0.03355174618107932 6
1718493632625 0.041180177458695004 7
1718493641129 0.027836482439722334 8
1718493649627 0.08085079171827861 9
1718493663759 0.023666170026574816 10
1718493671751 0.012008781944002424 11
1718493680898 0.031655370124748776 12
1718493689082 0.016623893486601964 13
1718493697423 0.013972197260175432 14
1718493711605 0.0338136042867388 15
1718493723156 0.03792059315102441 16
1718493731286 0.050042497260229926 17
1718493739626 0.033482517514910014 18
1718493748022 0.02110881039074489 19
1718493760698 0.030403048066156253 20
1718493768862 0.03013878209250314 21
1718493777030 0.03177823232752936 22
1718493785860 0.02081786415406636 23
1718493793994 0.0533539035490581 24
1718493808370 0.02361923243318285 25
1718493816519 0.016380517610481808 26
1718493825085 0.023842011179242815 27
1718493833543 0.021791265479155948 28
1718493841956 0.019453944904463633 29
1718493854923 0.020809331110545566 30
1718493863033 0.013027351349592209 31
1718493871445 0.0007620624133518764 32
1718493879516 0.024327670357057025 33
1718493887541 0.0391502891268049 34
1718493903462 0.010043105908802577 35
1718493911652 0.042672671377658844 36
1718493920789 0.02165875264576503 37
1718493929159 0.007681506020682198 38
1718493937382 0.00816083699464798 39
1718493950562 0.01858715925897871 40
1718493959207 0.027715249253170832 41
1718493967928 0.007501611752169473 42
