1718510513817 0.2020590039236205 0
1718510530453 0.1473652326634952 1
1718510546254 0.09411246542419706 2
1718510563501 0.10474928149155208 3
1718510579723 0.04643132284815822 4
1718510602428 0.07700998016766139 5
1718510618383 0.10692343541554042 6
1718510635091 0.20500951366765158 7
1718510651827 0.15803033858537674 8
1718510668653 0.06708553220544543 9
1718510690994 0.1389562955924443 10
1718510707852 0.0861274174281529 11
1718510724049 0.04679513616221292 12
1718510740343 0.08475904805319649 13
1718510756755 0.10709676785128457 14
1718510779770 0.043622031807899475 15
1718510796162 0.0447748356631824 16
1718510814162 0.05602710906948362 17
1718510831215 0.06873800924846105 18
1718510848027 0.017452489052500044 19
1718510872443 0.1420458576508931 20
1718510889074 0.03650658205151558 21
1718510906055 0.08012350222894124 22
1718510922527 0.06966578960418701 23
1718510939226 0.018809030098574504 24
1718510961632 0.10250042485339302 25
1718510978127 0.08368930327040809 26
1718510994276 0.03849092658076968 27
1718511010591 0.10600533975022179 28
1718511027152 0.08248714676925115 29
1718511049737 0.09376154893210956 30
1718511067335 0.057883081691605706 31
1718511084097 0.26525090421949116 32
1718511100300 0.1253780499100685 33
1718511116788 0.030466642762933458 34
1718511139735 0.08216201407568795 35
1718511156017 0.06337398503507886 36
1718511172879 0.023617166493620192 37
1718511189487 0.02133728244474956 38
1718511205980 0.04388463231069701 39
1718511228477 0.09954548041735377 40
1718511244632 0.057853334716388156 41
1718511260972 0.04567606747150421 42
1718511277844 0.15168637995209014 43
1718511294172 0.05523120079721723 44
1718511316924 0.051845873040812354 45
1718511333666 0.12364534820829119 46
1718511350052 0.06266690790653229 47
1718511366345 0.07494723903281349 48
1718511382553 0.06449067166873387 49
1718511406748 0.015040012342589242 50
1718511424198 0.08511991160256523 51
