1715066401928 0.5415614023804665 0
1715066404594 0.30258001759648323 1
1715066407631 0.23124372400343418 2
1715066410410 0.20706669054925442 3
1715066416966 0.2032061070203781 4
1715066420058 0.1394820474088192 5
1715066422833 0.15987518802285194 6
1715066425659 0.10122600896283984 7
1715066432874 0.14359478279948235 8
1715066435871 0.12700644508004189 9
1715066438584 0.09032350778579712 10
1715066441352 0.10281995683908463 11
1715066447232 0.07852592039853334 12
1715066450209 0.14745312742888927 13
1715066453074 0.11473981849849224 14
1715066455862 0.05961538292467594 15
1715066476688 0.06932811392471194 16
1715066479571 0.09856818709522486 17
1715066482683 0.0879703932441771 18
1715066485757 0.06671158596873283 19
1715066492033 0.0709666796028614 20
1715066495075 0.05998588353395462 21
1715066498557 0.08364371955394745 22
1715066501905 0.10327642783522606 23
1715066507987 0.07545352354645729 24
1715066513174 0.037337788846343756 25
1715066516479 0.06987191922962666 26
1715066519695 0.03149576298892498 27
1715066526252 0.07648646645247936 28
1715066529132 0.0542231984436512 29
1715066532077 0.09232104755938053 30
1715066535360 0.07349044270813465 31
1715066541733 0.035451057221507654 32
1715066545022 0.053777931025251746 33
1715066548192 0.050397820537909865 34
1715066551360 0.07201432064175606 35
1715066557614 0.04875892773270607 36
1715066560912 0.044491345062851906 37
1715066564072 0.06244678143411875 38
1715066567075 0.05177417770028114 39
1715066573367 0.05207810178399086 40
1715066576743 0.054407998919487 41
1715066579952 0.03833984583616257 42
1715066583219 0.04020623862743378 43
1715066590864 0.043392227962613106 44
1715066594217 0.04742514528334141 45
1715066597235 0.025517667643725872 46
1715066600444 0.053391238674521446 47
1715066609262 0.042911278549581766 48
1715066612698 0.04782842472195625 49
1715066617372 0.024525361135601997 50
1715066624646 0.09440754260867834 51
1715066632271 0.05499871075153351 52
1715066635698 0.04241304472088814 53
1715066638929 0.04830003622919321 54
1715066642026 0.024596533505246043 55
1715066650281 0.03411630727350712 56
