1718481926329 0.3142012187412807 0
1718481949751 0.19038530119827815 1
1718481973597 0.1651135321174349 2
1718481997786 0.14557718166283198 3
1718482022737 0.10530460838760648 4
1718482055670 0.11301292266164507 5
1718482079414 0.07419669841017042 6
1718482104031 0.07395472483975547 7
1718482127558 0.1124094980103629 8
1718482152646 0.0511458409684045 9
1718482184926 0.05072428711823055 10
1718482209431 0.03966939129999706 11
1718482234789 0.08422877692750522 12
1718482259091 0.12009046226739883 13
1718482288343 0.06412805723292488 14
1718482320087 0.04867877598319735 15
1718482345260 0.0901898103100913 16
1718482370151 0.11578045785427094 17
1718482393499 0.08559063502720424 18
1718482418676 0.083826302417687 19
1718482451322 0.033469089439937046 20
1718482475262 0.10752267284052712 21
1718482499843 0.03684760843004499 22
1718482523798 0.059240929782390594 23
1718482547771 0.06384920009544917 24
1718482581008 0.07024448684283666 25
1718482604425 0.02423901217324393 26
1718482627428 0.03328017527902765 27
1718482650795 0.07301862218550273 28
1718482673212 0.07289006880351476 29
1718482704318 0.010821214744022914 30
1718482727549 0.044283147369112284 31
1718482752680 0.04765199976308005 32
1718482778709 0.015090907258646829 33
1718482801365 0.05286493897438049 34
1718482831726 0.023248106241226196 35
1718482854551 0.06067731550761631 36
1718482880728 0.11280575820377894 37
1718482904927 0.01365263547216143 38
1718482927896 0.054191049720559804 39
1718482958003 0.09218713428292956 40
1718482980811 0.039414212107658386 41
