1715179808093 0.5426269322633743 0
1715179815592 0.3104296156338283 1
1715179823068 0.32891569818769184 2
1715179830335 0.11436359797205244 3
1715179838104 0.22010901251009532 4
1715179849947 0.1568913800375802 5
1715179857376 0.11919113221977438 6
1715179864861 0.09685237013867923 7
1715179872076 0.10001076491815704 8
1715179879405 0.09170529246330261 9
1715179891017 0.08234393915959767 10
1715179898435 0.062005279319626946 11
1715179906111 0.05867782235145569 12
1715179913606 0.061089876507009776 13
1715179920828 0.09724768251180649 14
1715179932604 0.11048781446048192 15
1715179940017 0.09426745453051158 16
1715179949637 0.06614350633961814 17
1715179956947 0.12676184730870382 18
1715179964452 0.0962263633097921 19
1715179976368 0.05668649077415466 20
1715179983732 0.07002423703670502 21
1715179990828 0.060021299336637766 22
1715179998092 0.052037984664951055 23
1715180005278 0.0644905971629279 24
1715180017093 0.03064362864409174 25
1715180024295 0.12767184845038823 26
1715180031761 0.06590619417173522 27
1715180039097 0.0824975094624928 28
1715180046888 0.0756440418107169 29
1715180058660 0.06916812860539981 30
1715180065978 0.039451642760208676 31
1715180073615 0.05408186465501785 32
1715180081151 0.04155511621917997 33
1715180088537 0.042729576251336505 34
1715180099927 0.06590799348694938 35
1715180107731 0.055266285581248145 36
1715180115109 0.025091189358915602 37
1715180122094 0.08172087211694036 38
1715180130356 0.08452777564525604 39
1715180143593 0.05295151472091675 40
1715180150978 0.02920782778944288 41
1715180160050 0.02717373041169984 42
1715180167646 0.07620681290115629 43
1715180175119 0.05661678633519581 44
1715180186881 0.07276916344250951 45
1715180194297 0.02438896255833762 46
1715180201516 0.0286556567464556 47
1715180208550 0.04641428643039295 48
1715180215748 0.043985793100936074 49
1715180227277 0.04354785169873919 50
1715180235396 0.051022931401218684 51
1715180242658 0.042757468564169746 52
1715180250160 0.036861732602119446 53
1715180257527 0.020572824137551442 54
1715180269222 0.03432884652699743 55
1715180276873 0.04796271664755685 56
1715180284055 0.041356583791119714 57
1715180291506 0.00698023395878928 58
1715180298557 0.05663416747535978 59
1715180310123 0.023002329149416516 60
1715180317359 0.021690874759640013 61
1715180324908 0.0333945027419499 62
1715180332434 0.07988014072179794 63
1715180339719 0.023570572159120014 64
1715180351592 0.018293529748916626 65
1715180359085 0.07742884755134583 66
1715180366300 0.05507251513855798 67
1715180373481 0.03336929636342185 68
