1718508995088 0.14644642706428254 0
1718509000148 0.18127666307347162 1
1718509005485 0.10599218947546822 2
1718509011150 0.0869086789233344 3
1718509016683 0.05992791375943592 4
1718509026414 0.11731251754931041 5
1718509034875 0.0841125271150044 6
1718509040498 0.12091707970414843 7
1718509046021 0.06679297451462064 8
1718509051202 0.07097530577863966 9
1718509063187 0.05762636980840138 10
1718509068593 0.06859340518712997 11
1718509073807 0.018221464540277208 12
1718509079115 0.08553797858101982 13
1718509084825 0.1404423788189888 14
1718509094229 0.03211599588394165 15
1718509099436 0.05636527282851083 16
1718509104734 0.17356395082814352 17
1718509110083 0.04332532414368221 18
1718509115459 0.038453131914138794 19
1718509124412 0.08073107578924724 20
1718509130305 0.07356712434973035 21
1718509135459 0.04772940810237612 22
1718509141066 0.05010262770312173 23
1718509146544 0.08255899378231593 24
1718509158684 0.04654291591473988 25
1718509164144 0.10825867418731962 26
1718509169913 0.08776608109474182 27
1718509175357 0.02446817925998143 28
1718509180690 0.015925134931291853 29
1718509189997 0.022657870181969235 30
1718509195449 0.02072199753352574 31
1718509201004 0.013099572488239833 32
1718509206274 0.020757198333740234 33
1718509212231 0.07087764995438713 34
1718509221481 0.0013548731803894043 35
1718509227156 0.030119271150657108 36
1718509232653 0.020152306982449124 37
1718509238734 0.019756172384534563 38
1718509244210 0.02324881298201425 39
1718509253368 0.023418913994516646 40
1718509258713 0.023455807140895298 41
1718509264276 0.08030952832528523 42
1718509269931 0.055881365069321225 43
1718509275813 0.012209892272949219 44
1718509285639 0.009736435753958566 45
1718509292447 0.033368425709860663 46
1718509297831 0.05531541577407292 47
1718509303267 0.057177105120250156 48
1718509308670 0.03573321657521384 49
1718509317830 0.07082144277436393 50
1718509326316 0.012054857398782457 51
1718509331704 0.0315119240965162 52
1718509337531 0.12518326938152313 53
1718509343509 0.045489828501428874 54
