1718462574846 0.10976234078407288 0
1718462603200 0.1680095898253577 1
1718462630286 0.116777061351708 2
1718462658456 0.17818961292505264 3
1718462685946 0.10517292629395213 4
1718462722185 0.208576785666602 5
1718462750358 0.13990691942828043 6
1718462777732 0.14572029880114964 7
1718462805944 0.11804068833589554 8
1718462833360 0.11349878140858241 9
1718462869735 0.18640176951885223 10
1718462897459 0.2594029892768179 11
1718462925618 0.14859248910631453 12
1718462953144 0.1577006887112345 13
1718462982962 0.20752971406493867 14
1718463021387 0.042744199080126624 15
1718463049127 0.14517756657941 16
1718463078945 0.23386141657829285 17
1718463107791 0.23965291466031755 18
1718463136934 0.3325643709727696 19
1718463174880 0.18818036147526332 20
1718463204095 0.15084181938852584 21
1718463232854 0.11126327621085304 22
1718463260969 0.18219388595649175 23
1718463290536 0.061925750757966726 24
1718463329568 0.11274367358003344 25
1718463361313 0.05115768100534167 26
1718463390906 0.02710990927049092 27
1718463420357 0.10237716244799751 28
1718463448569 0.07975543928997857 29
1718463485899 0.05096230123724256 30
1718463514088 0.02850091244493212 31
1718463543578 0.0694322692496436 32
1718463571931 0.039943307638168335 33
1718463601645 0.1731391197868756 34
1718463640277 0.19506422217403138 35
1718463669707 0.16612343277250016 36
1718463698349 0.13494059869221278 37
1718463727038 0.08672857284545898 38
1718463755781 0.13653131042207992 39
1718463794192 0.11368351323263985 40
1718463823469 0.15781485395772116 41
1718463852555 0.07794840953179769 42
1718463882766 0.0910283135516303 43
1718463912097 0.2489852671112333 44
1718463950049 0.10771809731210981 45
1718463978476 0.1271567621401378 46
1718464008130 0.08371492581708091 47
1718464037973 0.0632951557636261 48
1718464067582 0.06275967402117592 49
1718464104360 0.036541879177093506 50
1718464132825 0.07871955899255616 51
1718464161049 0.154120038662638 52
1718464189464 0.15807990516935075 53
1718464217885 0.1500874204295022 54
1718464254213 0.0415388856615339 55
1718464281281 0.09683663078716823 56
1718464308938 0.11321946978569031 57
1718464336401 0.02962097099849156 58
1718464363639 0.09206027218273707 59
1718464399424 0.10710933378764562 60
1718464426711 0.0384821891784668 61
1718464456146 0.08702776687485832 62
1718464483435 0.028115698269435337 63
1718464510953 0.16171958297491074 64
1718464546469 0.08098093526703971 65
1718464574582 0.12814680806228093 66
1718464604506 0.04210882527487619 67
1718464633314 0.11885321991784233 68
1718464661771 0.06057492537157876 69
1718464699988 0.06921219399997167 70
1718464729000 0.01817966571875981 71
1718464759136 0.08448405989578792 72
1718464787834 0.004357610430036273 73
1718464816256 0.05134178910936628 74
