1718505771721 0.2023103130715234 0
1718505788074 0.44407754284994944 1
1718505804799 0.2837345706565039 2
1718505821228 0.09250303677150182 3
1718505837394 0.3025560272591455 4
1718505859669 0.3129017012459891 5
1718505876854 0.28823976325137274 6
1718505892694 0.15478942117520741 7
1718505909819 0.18723789070333755 8
1718505925653 0.16374256142548152 9
1718505948001 0.03779335958617074 10
1718505965864 0.040319821664265225 11
1718505982373 0.06346941845757621 12
1718505998039 0.096426288996424 13
1718506013831 0.2122094269309725 14
1718506036526 0.37258099232401165 15
1718506052601 0.11153001018932887 16
1718506068739 0.10691763779946736 17
1718506084588 0.03183438628911972 18
1718506100671 0.11104034632444382 19
1718506123216 0.0396948903799057 20
1718506139334 0.10677401615040642 21
1718506155608 0.050043619104794095 22
1718506172983 0.1105525302035468 23
1718506189065 0.027645719902856008 24
1718506211018 0.03477404585906437 25
1718506227322 0.006945414202553886 26
1718506243539 0.06337238209588188 27
1718506259159 0.051555175866399496 28
1718506275499 0.01964705969606127 29
1718506298388 0.003438489777701242 30
1718506314470 0.10476601762431008 31
1718506330084 0.018384663122040883 32
1718506346154 0.06368225387164525 33
1718506362349 0.12861077061721257 34
1718506385479 0.008888776813234602 35
1718506401811 0.02817759769303458 36
1718506418080 0.00827733427286148 37
1718506433893 0.00979363066809518 38
1718506449819 0.026247650384902954 39
1718506472334 0.055204959852354865 40
1718506488267 0.01151088731629508 41
1718506504467 0.006939781563622611 42
1718506520515 0.03417385050228664 43
1718506536892 0.013359514730317252 44
1718506559565 0.036222552614552636 45
1718506576146 0.008187196084431239 46
1718506591890 0.023966516767229353 47
1718506608754 0.004578079496111188 48
1718506624931 0.04196655856711524 49
1718506647193 0.020721824041434696 50
1718506663172 0.08034839161804744 51
1718506679212 0.011070236563682556 52
1718506695126 0.0960078239440918 53
1718506711307 0.06239365467003414 54
1718506733705 0.1050989989723478 55
1718506749913 0.06572528183460236 56
