1714846751479 0.4832609724253416 0
1714846754307 0.24479853361845016 1
1714846757161 0.22006050124764442 2
1714846759926 0.18693446181714535 3
1714846766302 0.15631462074816227 4
1714846768986 0.21889935806393623 5
1714846771738 0.12842644192278385 6
1714846774461 0.14004059880971909 7
1714846780501 0.12531260401010513 8
1714846783291 0.1316451709717512 9
1714846786150 0.1680431431159377 10
1714846789109 0.08926324202911928 11
1714846795492 0.07416596449911594 12
1714846798540 0.0573309063911438 13
1714846801270 0.08187623508274555 14
1714846804210 0.12030636612325907 15
1714846810628 0.14860264398157597 16
1714846813735 0.09472510777413845 17
1714846816509 0.08069663494825363 18
1714846819583 0.09960942063480616 19
1714846825954 0.048642050474882126 20
1714846829006 0.06626084540039301 21
1714846832203 0.06558616273105145 22
1714846835274 0.09878699015825987 23
1714846841439 0.16135947965085506 24
1714846844798 0.07919628731906414 25
1714846847876 0.09110314585268497 26
1714846850849 0.06651466619223356 27
1714846857079 0.07139423210173845 28
1714846859829 0.07130654994398355 29
1714846862877 0.09835999272763729 30
1714846865869 0.027934562414884567 31
1714846872217 0.06475679017603397 32
1714846875275 0.03418772667646408 33
1714846878482 0.04891855944879353 34
1714846881437 0.09420324489474297 35
1714846888509 0.10632877238094807 36
1714846891639 0.12573654390871525 37
1714846894684 0.06759656523354352 38
1714846897547 0.06286117434501648 39
1714846903729 0.08927108906209469 40
1714846907294 0.04489851929247379 41
1714846911299 0.05975996423512697 42
1714846914634 0.05122563615441322 43
1714846921107 0.07559790136292577 44
1714846923946 0.06829133629798889 45
1714846926940 0.06454545632004738 46
1714846930071 0.06622370053082705 47
1714846936601 0.11401790753006935 48
1714846939358 0.06047515291720629 49
1714846942742 0.05476957559585571 50
1714846945759 0.04160853731445968 51
1714846952480 0.06214655376970768 52
1714846955578 0.055043235421180725 53
1714846958883 0.052116804057732224 54
1714846962058 0.08094371762126684 55
1714846968448 0.07595481723546982 56
1714846971503 0.10134257283061743 57
1714846974736 0.03497396782040596 58
1714846977763 0.044484490528702736 59
1714846984341 0.07848865818232298 60
1714846987332 0.05493503622710705 61
1714846990211 0.0342281274497509 62
1714846992976 0.0968394186347723 63
