1718476227700 0.2163269817829132 0
1718476236173 0.1006959176489285 1
1718476244594 0.10647391102143697 2
1718476253428 0.06385843775102071 3
1718476262265 0.013305527823311942 4
1718476277003 0.03623073548078537 5
1718476285837 0.015619500407150813 6
1718476294660 0.046012721955776215 7
1718476303477 0.02661940242562975 8
1718476312216 0.005571897540773664 9
1718476325513 0.025316385286194936 10
1718476334294 0.014894353491919381 11
1718476342752 0.00256665689604623 12
1718476351651 0.0005260173763547625 13
1718476361196 0.00751786253282002 14
1718476374203 0.010907524398394994 15
1718476383041 0.004560072507177081 16
1718476391768 0.012489002730165209 17
1718476400371 0.0003478356770106724 18
1718476409125 0.0014219496931348527 19
1718476422301 0.025219902396202087 20
1718476431229 0.0057424647467476985 21
1718476439889 0.004480051142828805 22
1718476449136 0.005426240818841117 23
1718476458713 0.0014547407627105713 24
1718476471687 0.007917820875133787 25
1718476480980 0.032112487724849155 26
1718476489672 0.0033370682171412875 27
1718476498267 0.010540662599461419 28
1718476506833 0.01855402546269553 29
1718476519559 0.004797999347959246 30
1718476528082 0.0 31
1718476536765 0.006968221494129726 32
1718476545417 0.0 33
1718476554022 0.020977301256997243 34
1718476567131 0.005933352879115513 35
1718476575725 0.0 36
1718476584513 0.001464901225907462 37
1718476593126 0.0019930601119995117 38
1718476601967 0.0033414209527628763 39
1718476614841 0.01676286437681743 40
