1714754224749 0.3736557625234127 0
1714754243259 0.18309414573013783 1
1714754262754 0.1678626425564289 2
1714754283306 0.10983755625784397 3
1714754327375 0.15914210677146912 4
1714754350526 0.15254272893071175 5
1714754377938 0.10414144024252892 6
1714754400095 0.1037051398307085 7
1714754444037 0.0755744343623519 8
1714754465414 0.0802333913743496 9
1714754487601 0.05118491128087044 10
1714754508869 0.06864876626059413 11
1714754561585 0.061185507103800774 12
1714754586596 0.058025336591526866 13
1714754605633 0.07186653884127736 14
1714754627965 0.08027816098183393 15
1714754669056 0.03434441611170769 16
1714754689392 0.057857324834913015 17
1714754711048 0.05217098444700241 18
1714754733854 0.04460987448692322 19
1714754774778 0.04493093304336071 20
1714754797921 0.030390329658985138 21
1714754820669 0.057073614560067654 22
1714754842927 0.06572113744914532 23
1714754888948 0.05414706468582153 24
1714754915717 0.09479488432407379 25
1714754938338 0.029111934825778008 26
1714754958569 0.04568365402519703 27
1714755006789 0.05288177728652954 28
1714755032912 0.041755661368370056 29
1714755060509 0.02526799589395523 30
1714755082683 0.03831932507455349 31
