1718505111445 0.13696912569659098 0
1718505124734 0.10298843788249153 1
1718505137937 0.08994991864476885 2
1718505150764 0.07476300533328738 3
1718505164681 0.07028783219201225 4
1718505184131 0.0711902624794415 5
1718505197245 0.06058773185525622 6
1718505209860 0.04236429690250328 7
1718505222379 0.12829543330839702 8
1718505234663 0.01775329453604562 9
1718505253384 0.03783752662794931 10
1718505266141 0.2240972306047167 11
1718505279046 0.09176136127540044 12
1718505291814 0.04211995644228799 13
1718505304454 0.04547290078231266 14
1718505322870 0.07140839844942093 15
1718505336871 0.015315599739551544 16
1718505349771 0.03059933228152139 17
1718505363217 0.06791741720267705 18
1718505375735 0.042667841272694726 19
1718505394170 0.03886563543762479 20
1718505406841 0.016309916973114014 21
1718505421988 0.03604600365672793 22
1718505434715 0.00127497741154262 23
1718505447820 0.02669098973274231 24
1718505466380 0.010159896952765328 25
1718505478763 0.03360944560595921 26
1718505491476 0.010859072208404541 27
1718505504271 0.0314400994351932 28
1718505516787 0.017579175531864166 29
1718505535519 0.0073504022189549035 30
1718505548491 0.022910145776612417 31
1718505561412 0.06599763461521693 32
1718505574656 0.007737572704042707 33
1718505588561 0.02803759915488107 34
1718505606588 0.030310160347393582 35
1718505619242 0.019414454698562622 36
1718505632186 0.04899999499320984 37
1718505644804 0.006068144525800433 38
1718505657238 0.02250467666557857 39
1718505676023 0.008794633405549186 40
1718505688475 0.0194537809916905 41
1718505700859 0.007913985422679357 42
1718505713468 0.020197748073509762 43
1718505726015 0.02258828708103725 44
1718505748443 0.020253138882773265 45
