1718475971135 1.1053535001618522 0
1718475975036 0.7043382184846061 1
1718475979035 0.4723280497959682 2
1718475983122 0.32754410590444294 3
1718475986888 0.3662575084183897 4
1718475994375 0.4232520375932966 5
1718475998663 0.3424515724182129 6
1718476002755 0.1886954733303615 7
1718476006654 0.1916626521519252 8
1718476010832 0.2678088865109852 9
1718476018402 0.30266639377389637 10
1718476022416 0.17290732956358365 11
1718476026102 0.2026547502194132 12
1718476029823 0.1630353932934148 13
1718476033854 0.2560068927705288 14
1718476041927 0.21629397304994719 15
1718476046110 0.1373946794441768 16
1718476049953 0.248921343258449 17
1718476053931 0.0987583462681089 18
1718476057790 0.20151921468121664 19
1718476064866 0.17334289529493876 20
1718476068772 0.08938077198607582 21
1718476072395 0.12238053604960442 22
1718476076412 0.07609512444053378 23
1718476080485 0.18359396500246866 24
1718476089267 0.15818584391048976 25
1718476093163 0.19122335367969104 26
1718476096976 0.08950063799108778 27
1718476100587 0.11366927783404078 28
1718476104736 0.08614994691950935 29
1718476112769 0.11506896998201098 30
1718476116820 0.14119221749050276 31
1718476120768 0.06823900448424476 32
1718476125474 0.05825330130755901 33
1718476129359 0.09433315907205854 34
1718476136855 0.11582980411393302 35
1718476141125 0.10107507130929402 36
1718476144780 0.0824874873672213 37
1718476148414 0.05999216490558216 38
1718476152469 0.11565834070955004 39
1718476159978 0.07148259239537376 40
1718476163874 0.10093866022569793 41
1718476167763 0.1786004677414894 42
1718476171487 0.04163029470614025 43
1718476175900 0.10761310585907527 44
1718476184059 0.06447656133345195 45
1718476187690 0.09643802632178579 46
1718476191209 0.12781276407518558 47
1718476194926 0.05868256730692727 48
1718476198870 0.10918831399508885 49
1718476205955 0.09140456680740629 50
1718476210142 0.066911800631455 51
1718476213711 0.12339008759175028 52
