1715094709187 0.15612379567963736 0
1715094716279 0.08783550347600665 1
1715094723670 0.10572191647120885 2
1715094730872 0.056012098278318136 3
1715094742066 0.06759686555181231 4
1715094749268 0.06602407353264945 5
1715094756444 0.04553653938429696 6
1715094763558 0.016317793301173618 7
1715094774647 0.10900651131357465 8
1715094782182 0.05616159524236407 9
1715094789397 0.03123299138886588 10
1715094796602 0.01618657793317522 11
1715094807441 0.028026861803872243 12
1715094814571 0.04856697576386588 13
1715094821980 0.026381445782525197 14
1715094830943 0.007359364203044346 15
1715094843204 0.032355278730392456 16
1715094850321 0.0415034294128418 17
1715094857484 0.032404031072344096 18
1715094864804 0.03642725944519043 19
1715094876086 0.014091619423457555 20
1715094884384 0.041897045714514594 21
1715094891708 0.017047975744519914 22
1715094899587 0.09874984196254186 23
1715094910850 0.0037751964160374235 24
1715094918328 0.020616165229252408 25
1715094926925 0.016696257250649587 26
1715094934278 0.023414773600442067 27
1715094945881 0.01411892260823931 28
1715094953809 0.06828091400010246 29
1715094961291 0.017295019967215403 30
1715094969907 0.024261572531291416 31
1715094982068 0.05327460169792175 32
1715094990123 0.025913193821907043 33
1715094997890 0.003040335008076259 34
1715095005467 0.02323673026902335 35
1715095017069 0.00901120901107788 36
1715095024571 0.1490556342261178 37
1715095032003 0.0769343546458653 38
1715095040018 0.03813258239201137 39
1715095053109 0.030226575476782664 40
1715095061410 0.057452653135572164 41
1715095069417 0.005300121647971017 42
1715095077080 0.025557126317705427 43
1715095088616 0.016193896532058716 44
1715095096933 0.014499289648873466 45
1715095105189 0.017501528773988997 46
1715095113587 0.028901436499186924 47
1715095127046 0.022528754813330516 48
1715095134635 0.03976224149976458 49
1715095142448 0.03546100429126194 50
1715095150362 0.004778955663953509 51
1715095162179 0.0010997951030731201 52
1715095170432 0.0655681916645595 53
1715095177889 0.0010783842631748744 54
1715095185346 0.0033304308141980854 55
1715095197906 0.012692472764423915 56
1715095205671 0.016950505120413645 57
1715095213115 0.0 58
1715095220607 0.0 59
1715095233259 0.0 60
1715095240952 0.04027084367615836 61
1715095248214 0.022052471126828874 62
1715095256640 0.011521139315196447 63
1715095268355 0.00624133859361921 64
1715095276007 0.03935939499310085 65
1715095285481 0.0022079902035849436 66
1715095293002 0.018710719687598094 67
1715095305300 0.023064711264201572 68
1715095312976 0.0032458390508379254 69
1715095321661 0.0 70
1715095329785 0.027573402438844954 71
1715095341399 0.055839321443012783 72
1715095350543 0.001715907028743199 73
1715095359058 0.0 74
