1715178188867 0.7475219113486153 0
1715178201004 0.38614800785269054 1
1715178213489 0.3111127285020692 2
1715178225697 0.4910105424267905 3
1715178237880 0.3212700645838465 4
1715178255750 0.31177282546247753 5
1715178268306 0.45464747292654856 6
1715178282453 0.4188492127827236 7
1715178294313 0.38332306912967135 8
1715178306510 0.20564438828400203 9
1715178324396 0.21261116223675863 10
1715178336319 0.2018328607082367 11
1715178348324 0.13991252652236394 12
1715178361075 0.13078126311302185 13
1715178373644 0.14499913156032562 14
1715178391814 0.22440464262451446 15
1715178403709 0.17258473379271372 16
1715178415640 0.2930537664464542 17
1715178427766 0.2005910032561847 18
1715178439639 0.16516557655164174 19
1715178457180 0.19745273675237382 20
1715178469041 0.14576978449310576 21
1715178481571 0.08497485412018639 22
1715178493815 0.15915298674787795 23
1715178506281 0.13473298719951085 24
1715178525869 0.11056835949420929 25
1715178538300 0.19325916575534002 26
1715178550406 0.07823500037193298 27
1715178563614 0.1071950729404177 28
1715178575806 0.11926574579307012 29
1715178593471 0.14997777342796326 30
1715178606312 0.12373112142086029 31
1715178618732 0.0991194439785821 32
1715178630814 0.20305171183177403 33
1715178643215 0.20228423391069686 34
1715178660783 0.14251992372529848 35
1715178672715 0.10915435211999076 36
1715178684471 0.09514408877917699 37
1715178696579 0.2671636502657618 38
1715178708504 0.1257729030081204 39
1715178726377 0.1358071118593216 40
1715178738570 0.1360847449728421 41
1715178750596 0.1392161888735635 42
1715178762821 0.017368423087256297 43
1715178774633 0.059343001140015464 44
1715178792129 0.1060976694737162 45
1715178803985 0.24127337549413955 46
1715178815856 0.14492077273981913 47
1715178827762 0.20721541770866939 48
1715178839786 0.15772079463515962 49
1715178857252 0.14738146428550994 50
1715178869394 0.15792584419250488 51
1715178881617 0.10848690569400787 52
1715178893920 0.17346738065992082 53
1715178906254 0.07273321864860398 54
1715178923606 0.1776808840887887 55
1715178935979 0.14465584286621638 56
1715178947910 0.16490698499338968 57
