1718508066653 0.2020895518362522 0
1718508075524 0.1680110160793577 1
1718508086185 0.0924782742347036 2
1718508094724 0.06770715011017663 3
1718508103442 0.1097373611160687 4
1718508116802 0.06447421493274826 5
1718508126008 0.045356491314513345 6
1718508134758 0.05280637315341404 7
1718508143346 0.05554122584206717 8
1718508152092 0.04801596807582038 9
1718508165997 0.10188316979578563 10
1718508177297 0.07091320306062698 11
1718508186038 0.0953337624669075 12
1718508194588 0.07766305335930415 13
1718508203366 0.027668707072734833 14
1718508217453 0.03861425071954727 15
1718508226413 0.034197469907147546 16
1718508235059 0.05228077300957271 17
1718508244012 0.049382067152432034 18
1718508253048 0.030337617865630558 19
1718508266327 0.020756669342517853 20
1718508275140 0.02068280747958592 21
1718508284375 0.04276754494224276 22
1718508293291 0.031337431498936245 23
1718508303254 0.04353399894067219 24
1718508316473 0.022000606570925032 25
1718508325242 0.04239625696625028 26
1718508334425 0.013584256172180176 27
1718508343236 0.02655980736017227 28
1718508351937 0.01398179360798427 29
1718508365569 0.041808824454035075 30
1718508374174 0.02114280206816537 31
1718508382961 0.02642671125275748 32
1718508391731 0.02320727493081774 33
1718508401425 0.027971444385392324 34
1718508414952 0.022218338080814908 35
1718508423534 0.035995928304536004 36
1718508432625 0.03693494626453945 37
1718508441506 0.01417172487292971 38
1718508450051 0.03448520813669477 39
1718508463564 0.023175897342818125 40
1718508472201 0.011420921555587224 41
1718508480994 0.049002374921526225 42
1718508489695 0.011215337685176305 43
1718508498544 0.053156252418245585 44
1718508512064 0.05076251285416739 45
