1718458846024 0.13903434361730302 0
1718458861734 0.07805570960044861 1
1718458877347 0.05640483966895512 2
1718458893117 0.013176502926009042 3
1718458908821 0.033559405377932956 4
1718458940243 0.029861958963530406 5
1718458956189 0.024817475250789096 6
1718458971913 0.024025702050754 7
1718458988508 0.055776044726371765 8
1718459003910 0.010854084576879228 9
1718459034448 0.0119841354233878 10
1718459050000 0.004071974328586033 11
1718459065509 0.016109492097582136 12
1718459080653 0.009780575122152056 13
1718459096259 0.013822853565216064 14
1718459126734 0.003544879811150687 15
1718459141964 0.00666056147643498 16
1718459157289 0.008346019046647208 17
1718459172763 0.019381416695458547 18
1718459188033 0.026793362838881358 19
1718459218321 0.01688111254147121 20
1718459233595 0.010348496692521232 21
1718459249049 0.012600607105663844 22
1718459264333 0.018957247691495076 23
1718459279727 0.02092794648238591 24
1718459309978 0.01010554816041674 25
1718459325447 0.002407440117427281 26
1718459340849 0.01803008360522134 27
1718459356151 0.004631847143173218 28
1718459371392 0.0007194812808718 29
1718459401811 0.0012819468975067139 30
1718459416951 0.0038157829216548373 31
1718459433211 0.017837288124220713 32
1718459449828 0.013835964458329337 33
1718459465092 0.011845509920801436 34
1718459496756 0.0090569726058415 35
1718459512504 0.0027730592659541537 36
1718459527959 0.0040645961250577655 37
1718459543189 0.0 38
1718459558632 0.005471384951046535 39
1718459589546 0.014306434563228063 40
1718459604732 0.00830032436975411 41
1718459620078 0.006589842694146293 42
1718459635259 0.0037859827280044556 43
1718459650374 0.0069864605154309955 44
1718459681441 0.009510262204068047 45
1718459696789 0.006685222898210798 46
1718459712327 0.014627145869391305 47
1718459727791 0.005913040467670986 48
1718459743119 0.0064822690827505925 49
1718459774093 0.006710616605622428 50
1718459789581 0.014364859887531825 51
1718459804955 0.005798854998179844 52
1718459820137 0.0068264539752687725 53
1718459835604 0.002858834607260568 54
1718459866039 0.0026199242898396085 55
1718459881275 0.0011469402483531407 56
1718459896554 0.0004579871892929077 57
1718459911942 0.012549119336264474 58
1718459927554 0.00816680065223149 59
1718459959448 0.012045606970787048 60
