1718496179712 0.08185403794050217 0
1718496200300 0.07584777155092784 1
1718496219930 0.018607850585665022 2
1718496239703 0.09668979261602674 3
1718496259044 0.044658148927348 4
1718496287879 0.02128486441714423 5
1718496308237 0.02633002613271986 6
1718496327543 0.03351290098258427 7
1718496347575 0.0033609441348484586 8
1718496366629 0.0201773430619921 9
1718496392619 0.03241118895156043 10
1718496411872 0.01457821364913668 11
1718496431172 0.008828989097050257 12
1718496450345 0.03416383798633303 13
1718496469018 0.01873063508953367 14
1718496494702 0.022752476590020315 15
1718496513534 0.007461645773478917 16
1718496532619 0.008043723446982247 17
1718496551594 0.0 18
1718496571022 0.016464190823691233 19
1718496597982 0.00259650605065482 20
1718496616840 0.01227384912116187 21
1718496636601 0.025220314306872233 22
1718496655732 0.006346894162041801 23
1718496676088 0.03606151682989938 24
1718496701477 0.021675312093326023 25
1718496720186 0.015710621440250958 26
1718496738836 0.016241349279880524 27
1718496758475 0.005771747657230922 28
1718496778538 0.004935213497706822 29
1718496804656 0.004217215946742466 30
1718496824208 0.006807987179074969 31
1718496842978 0.016282484999724796 32
1718496861803 0.028938123158046176 33
1718496881010 0.04520924708672932 34
1718496906543 0.0135605622615133 35
1718496925010 0.03320809240852084 36
1718496943859 0.011023623602730888 37
1718496962866 0.0032069810799189974 38
1718496981893 0.010091194084712438 39
1718497007548 0.026649742254189084 40
1718497027003 0.007614957434790475 41
1718497046574 0.010814214391367776 42
1718497065409 0.008099398442677088 43
1718497084315 0.04457830211945942 44
