1714833542080 0.367062795907259 0
1714833544691 0.1618797080591321 1
1714833547389 0.157611180387903 2
1714833549993 0.1498599424958229 3
1714833556124 0.14822519780136645 4
1714833558728 0.12699471833184361 5
1714833561351 0.10139262094162405 6
1714833564071 0.12654807418584824 7
1714833570478 0.12215196900069714 8
1714833573601 0.11011667177081108 9
1714833576580 0.08248628303408623 10
1714833579589 0.10527341440320015 11
1714833585734 0.0692076850682497 12
1714833588670 0.09657768346369267 13
1714833591819 0.09580373531207442 14
1714833594730 0.09660645946860313 15
1714833601502 0.08443557936698198 16
1714833604434 0.05591801228001714 17
1714833607650 0.1374983135610819 18
1714833610682 0.052683740854263306 19
1714833617098 0.06447039730846882 20
1714833620232 0.0607018768787384 21
1714833623304 0.04571135155856609 22
1714833626435 0.040264348150230944 23
1714833632534 0.08124271035194397 24
1714833635538 0.057236893102526665 25
1714833638420 0.09129916690289974 26
1714833641457 0.0512655284255743 27
1714833647679 0.06767278723418713 28
1714833650711 0.041694174287840724 29
1714833653513 0.051564330235123634 30
1714833656610 0.05057570361532271 31
1714833662830 0.06078502535820007 32
1714833665688 0.05026161577552557 33
1714833668822 0.06921689212322235 34
1714833671953 0.03809494525194168 35
1714833678270 0.047098272014409304 36
1714833681454 0.05573387909680605 37
1714833684565 0.04484688304364681 38
1714833687602 0.06809535808861256 39
1714833693892 0.09914898872375488 40
1714833698613 0.0834636939689517 41
1714833701588 0.06070989742875099 42
1714833704674 0.05599561892449856 43
1714833711074 0.07171817682683468 44
1714833714151 0.07476102374494076 45
1714833717318 0.056098997592926025 46
1714833720420 0.08090752735733986 47
1714833726721 0.06413354352116585 48
1714833729839 0.07368008745834231 49
1714833732772 0.05732291750609875 50
1714833735913 0.06690649315714836 51
1714833742100 0.07179251313209534 52
1714833745296 0.030559152364730835 53
1714833748128 0.02208906225860119 54
1714833751074 0.031339891254901886 55
1714833757326 0.11265170574188232 56
1714833760332 0.062391143292188644 57
1714833763261 0.03935358673334122 58
1714833766351 0.04433001019060612 59
1714833772352 0.05933627486228943 60
1714833775438 0.06297426531091332 61
1714833778389 0.03650351241230965 62
1714833781301 0.055395567789673805 63
1714833787400 0.050833599641919136 64
1714833790477 0.05529373185709119 65
1714833793395 0.042663950473070145 66
1714833796348 0.07479890994727612 67
1714833802410 0.06232886202633381 68
1714833805450 0.03020625375211239 69
1714833808330 0.0336304921656847 70
1714833811420 0.048663752153515816 71
1714833817472 0.06816557608544827 72
1714833820414 0.0334893602412194 73
1714833823634 0.06405418552458286 74
1714833826763 0.017266801209188998 75
1714833832890 0.03787579387426376 76
1714833835979 0.03769099526107311 77
1714833839339 0.04958650842308998 78
1714833842205 0.0297068040817976 79
1714833848436 0.06080250069499016 80
1714833851607 0.021747304126620293 81
1714833854645 0.06077143922448158 82
1714833857644 0.04286899045109749 83
1714833863719 0.03204051544889808 84
1714833866675 0.025599109008908272 85
1714833869596 0.1059730714187026 86
1714833872651 0.05042021907866001 87
1714833878814 0.020262977108359337 88
1714833881770 0.019724486395716667 89
1714833884800 0.029285047203302383 90
1714833887708 0.030227812938392162 91
1714833893862 0.03385094180703163 92
1714833897032 0.018800226040184498 93
1714833900055 0.030439343303442 94
1714833903322 0.03315751254558563 95
