1718477495224 0.15212254971265793 0
1718477529413 0.10936510350022997 1
1718477563199 0.15716473119599478 2
1718477598326 0.10717833893639701 3
1718477631950 0.1254647821187973 4
1718477675691 0.0008894715990339007 5
1718477709833 0.04947603387492044 6
1718477743379 0.042206178818430216 7
1718477778153 0.01823637102331434 8
1718477811249 0.04567613984857287 9
1718477855672 0.016999368156705583 10
1718477889152 0.014391320092337472 11
1718477923949 0.024436673947743008 12
1718477958148 0.04231028897421701 13
1718477992723 0.005678577082497733 14
1718478036723 0.0363369562796184 15
1718478070608 0.04960683733224869 16
1718478104777 0.041375654084341865 17
1718478139210 0.02384530007839203 18
1718478172670 0.010308137961796351 19
1718478215881 0.022969158632414683 20
1718478249768 0.005816493715558734 21
1718478284128 0.01690061922584261 22
1718478318313 0.02609994581767491 23
1718478353932 0.0023248919418879916 24
1718478398430 0.0031257697514125277 25
1718478432038 0.02837681770324707 26
1718478465740 0.016336147274289812 27
1718478501474 0.008662959294659751 28
1718478534506 0.004224164145333427 29
1718478578374 0.011061261807169234 30
1718478612181 0.008048338549477714 31
1718478645840 0.023770666548183987 32
1718478679681 0.012221872806549072 33
1718478712966 0.024582233812127794 34
1718478759384 0.02047619010720934 35
1718478793534 0.011500328779220581 36
1718478827710 0.010145414088453566 37
1718478862105 0.05252578215939658 38
1718478895247 0.014293800507272993 39
1718478940010 0.009095532553536552 40
1718478974249 0.009463029248373849 41
1718479008915 0.03547196835279465 42
1718479043735 0.01582923425095422 43
1718479081736 0.0022485043321337017 44
1718479125279 0.0010901944977896555 45
1718479159379 0.007526840482439313 46
1718479192593 0.0043643031801496234 47
1718479227759 0.03247191437653133 48
1718479261507 0.012585759162902832 49
1718479305001 0.0 50
1718479338582 0.017511196434497833 51
1718479372489 0.022311813064983914 52
1718479408071 0.015440278819629125 53
1718479442565 0.02120073139667511 54
1718479485236 0.02281944453716278 55
1718479519640 0.00534519978931972 56
1718479554345 0.0233824508530753 57
1718479589558 0.03667226433753967 58
1718479623972 0.004217362829617092 59
1718479667833 0.02154900985104697 60
1718479703645 0.005357640130179269 61
