1715063704970 0.6440561041235924 0
1715063707753 0.4335264265537262 1
1715063710669 0.3176396135240793 2
1715063713652 0.20443927682936192 3
1715063722418 0.19521509483456612 4
1715063725241 0.15506403520703316 5
1715063728053 0.1279552560299635 6
1715063730903 0.14581911265850067 7
1715063738484 0.08682630583643913 8
1715063741278 0.09960953565314412 9
1715063744105 0.09190305136144161 10
1715063747056 0.08862456725910306 11
1715063754532 0.11457982310093939 12
1715063757259 0.0997561626136303 13
1715063762146 0.09740265237633139 14
1715063765118 0.043901141034439206 15
1715063773091 0.08317218907177448 16
1715063776050 0.05137931788340211 17
1715063779082 0.07719876058399677 18
1715063782341 0.12537725642323494 19
1715063789490 0.12077463790774345 20
1715063792371 0.04543079901486635 21
1715063795474 0.0781022624578327 22
1715063798779 0.06431698612868786 23
1715063806726 0.08094109036028385 24
1715063809859 0.0897724237293005 25
1715063812906 0.10777520574629307 26
1715063816156 0.09411434410139918 27
1715063823875 0.046570383943617344 28
1715063827072 0.02829999104142189 29
1715063830281 0.05984485615044832 30
1715063833624 0.13094326853752136 31
1715063843877 0.026265885680913925 32
1715063846724 0.05354869272559881 33
1715063849854 0.04324868228286505 34
1715063852902 0.03518739063292742 35
1715063860606 0.08680042624473572 36
1715063863601 0.055228122510015965 37
1715063866509 0.0242292582988739 38
1715063869733 0.025766368955373764 39
1715063877062 0.05922015511896461 40
1715063880234 0.05340932495892048 41
1715063883300 0.02917028324736748 42
1715063886475 0.06840155646204948 43
1715063894825 0.032925606705248356 44
1715063898033 0.04192738048732281 45
1715063901423 0.022326208651065826 46
1715063904620 0.027837734669446945 47
1715063912277 0.018809355795383453 48
1715063915206 0.008198156952857971 49
1715063918245 0.04468811582773924 50
1715063921447 0.0255565345287323 51
1715063928226 0.045173414051532745 52
1715063931409 0.0700370823033154 53
1715063934542 0.025669765193015337 54
1715063937931 0.019669443368911743 55
1715063945297 0.03331170976161957 56
1715063948187 0.06799248792231083 57
1715063951357 0.02838241681456566 58
1715063954529 0.032211636658757925 59
1715063961916 0.025919218081980944 60
1715063965104 0.028185401111841202 61
1715063968348 0.029917459934949875 62
1715063971578 0.0355503186583519 63
1715063979515 0.046771309338510036 64
1715063982763 0.03161518648266792 65
1715063985748 0.009569007903337479 66
1715063989050 0.04962137620896101 67
1715063998033 0.04546666727401316 68
1715064001561 0.05303210858255625 69
1715064004891 0.023799333721399307 70
1715064007894 0.06790521740913391 71
1715064015810 0.0334804430603981 72
1715064019228 0.018844861537218094 73
1715064022407 0.021701153367757797 74
