1718486603084 0.27888541775090353 0
1718486615864 0.11779047335897173 1
1718486628991 0.07674513970102582 2
1718486641455 0.10054372783218112 3
1718486654346 0.12062472956521171 4
1718486673149 0.06252134378467288 5
1718486686338 0.04364258157355445 6
1718486700222 0.0821482315659523 7
1718486712876 0.07571606125150408 8
1718486725547 0.02376535747732435 9
1718486745035 0.039237244852951596 10
1718486757704 0.05951351353100368 11
1718486770458 0.09278092001165662 12
1718486783062 0.03558683608259473 13
1718486795871 0.06211948926959719 14
1718486814595 0.1066746222121375 15
1718486827709 0.07955784563507352 16
1718486840589 0.08316743586744581 17
1718486853699 0.07906682044267654 18
1718486866601 0.01997445204428264 19
1718486886622 0.023279566849981035 20
1718486899125 0.017720029822417667 21
1718486912231 0.03714841817106519 22
1718486925142 0.03588403761386871 23
1718486937917 0.009591447455542428 24
1718486956815 0.06442766157644135 25
1718486969946 0.1125111026423318 26
1718486983110 0.002429651362555368 27
1718486995800 0.03485056757926941 28
1718487008823 0.0425213777593204 29
1718487028041 0.027857652732304165 30
1718487041077 0.04757562918322427 31
1718487054128 0.012856789997645788 32
1718487067482 0.05195112845727375 33
1718487081678 0.02002652415207454 34
1718487100884 0.03356646001338959 35
1718487113717 0.03741782371486936 36
1718487126857 0.051354153347866874 37
1718487139707 0.04786475109202521 38
1718487152561 0.02091329651219504 39
1718487172061 0.0 40
1718487185837 0.02962859400681087 41
1718487200966 0.02528989953654153 42
1718487214307 0.044401608407497406 43
1718487227426 0.07302200474909373 44
1718487246385 0.04599100670644215 45
1718487259395 0.01956776316676821 46
1718487272431 0.021499643368380412 47
1718487286429 0.03776804144893374 48
1718487299389 0.020958703543458666 49
1718487318836 0.05051010314907346 50
1718487331921 0.021784431700195585 51
1718487344960 0.01778339594602585 52
1718487357725 0.043472837656736374 53
1718487370513 0.02927056380680629 54
1718487392319 0.0009400205952780587 55
1718487405330 0.04933744030339377 56
1718487418852 0.021985386099134172 57
1718487431994 0.028527232153075083 58
1718487444472 0.029535730502435138 59
1718487462955 0.020523623696395328 60
1718487475866 0.0404312727706773 61
1718487488582 0.002439077411379133 62
1718487501734 0.04176917352846691 63
1718487514215 0.06056961417198181 64
1718487532865 0.02123959256070001 65
1718487546202 0.03486336288707597 66
1718487558862 0.014904397938932692 67
1718487571639 0.015790910593100956 68
1718487584308 0.03171024577958243 69
