1718466562880 0.13444987684488297 0
1718466585509 0.10512517711945943 1
1718466607226 0.05363210716417858 2
1718466628819 0.021541365555354526 3
1718466649877 0.05601089979921069 4
1718466679722 0.0179538471358163 5
1718466701833 0.03778436141354697 6
1718466724060 0.061370481337819784 7
1718466745815 0.02474678201334817 8
1718466767002 0.007849619856902532 9
1718466796460 0.018477387726306915 10
1718466818237 0.03844057236398969 11
1718466840200 0.008959434926509857 12
1718466861527 0.038764981286866326 13
1718466883684 0.004582494497299194 14
1718466913273 0.0 15
1718466934971 0.01015502427305494 16
1718466956317 0.015269637107849121 17
1718466977740 0.019593226058142527 18
1718466999268 0.0004763688359941755 19
1718467028181 0.013013118079730443 20
1718467049533 0.0008311952863420759 21
1718467070842 0.0029306113719940186 22
1718467093920 0.017457834844078337 23
1718467114733 0.019944765738078525 24
1718467144570 0.016926496156624386 25
1718467166204 0.011061276708330427 26
1718467187446 0.007640902485166278 27
1718467210228 0.008970026459012712 28
1718467231886 0.009729921817779541 29
1718467261105 0.040205331785338264 30
1718467282469 0.0005798808165958949 31
1718467303581 0.008710099118096488 32
1718467325674 0.0 33
1718467347212 0.007279403507709503 34
1718467375402 0.021456609879221235 35
1718467397805 0.007208449499947684 36
1718467418990 0.006775302546364921 37
1718467440713 0.010993303997176034 38
1718467462130 0.004181159394127982 39
1718467491881 0.012077139956610543 40
1718467513059 0.005048785890851702 41
1718467533794 0.0026315791266305105 42
1718467555685 0.009644505168710436 43
1718467577781 0.006888134138924735 44
1718467607881 0.008682280778884888 45
1718467630263 0.0056169671671731135 46
1718467651568 0.004102634532111031 47
1718467672711 0.06248240811484201 48
1718467695090 0.003973769290106637 49
1718467724246 0.0009449890681675502 50
1718467747048 0.013452885406357902 51
1718467768934 0.010210489588124412 52
1718467790189 0.018568328448704312 53
1718467812079 0.01122581958770752 54
1718467841536 0.0008598225457327706 55
1718467863041 0.0020359030791691373 56
1718467884921 0.029505297541618347 57
