1718535806539 0.3178693268980299 0
1718535823229 0.12395675373928887 1
1718535838969 0.10344287753105164 2
1718535855258 0.10058554794107165 3
1718535875123 0.10633438612733569 4
1718535906722 0.05816922443253653 5
1718535922734 0.06290450479303088 6
1718535938533 0.08373086580208369 7
1718535954545 0.0705403249178614 8
1718535970308 0.07092341095475214 9
1718536002833 0.06323518710477012 10
1718536018618 0.06900765427521297 11
1718536034417 0.04118756311280387 12
1718536050530 0.05094041568892343 13
1718536066714 0.09125954125608716 14
1718536099092 0.06838524980204445 15
1718536116851 0.05794343565191541 16
1718536133466 0.055404484272003174 17
1718536149905 0.06085185919489179 18
1718536166634 0.05428251198359898 19
1718536199191 0.06847238114901952 20
1718536215158 0.03507539417062487 21
1718536232351 0.03416904381343296 22
1718536249154 0.05103832909039089 23
1718536265578 0.017807928579194204 24
1718536298562 0.04075699406010764 25
1718536314034 0.03904213011264801 26
1718536330117 0.046443196279661994 27
1718536345898 0.05502628002847944 28
1718536361745 0.07777977202619825 29
1718536398151 0.07033256547791618 30
1718536414355 0.034219092556408474 31
1718536429921 0.023638652903693064 32
1718536445429 0.032283508351870945 33
1718536461276 0.03195989557674953 34
1718536493925 0.035270288054432185 35
1718536510607 0.027837499976158142 36
1718536526798 0.0207485237291881 37
1718536543478 0.019003842558179582 38
1718536559057 0.018796009676797048 39
1718536589988 0.04551455910716738 40
1718536605565 0.007296127932412284 41
1718536620911 0.044623030083520074 42
1718536636474 0.04614727305514472 43
1718536652033 0.0242842435836792 44
1718536683626 0.03650065617901938 45
1718536699620 0.016038145337785994 46
1718536715296 0.021712430885859897 47
1718536730962 0.03369089016424758 48
1718536746607 0.038496790187699456 49
