1734114624827 0.14876001845631334 0
1734114641007 0.0763029060843918 1
1734114656627 0.057146752874056496 2
1734114671771 0.08392961861358748 3
1734114688122 0.04615898316519128 4
1734114718840 0.017447003577318456 5
1734114733809 0.07091540036102136 6
1734114748783 0.02644274870140685 7
1734114763661 0.022127001235882442 8
1734114778711 0.05627229395839903 9
1734114808890 0.04749810281727049 10
1734114823689 0.06516031106002629 11
1734114838728 0.0298287871086763 12
1734114853692 0.031140689763964877 13
1734114868476 0.037687434918350644 14
1734114898816 0.017741927670107946 15
1734114915491 0.10979763252867593 16
1734114930675 0.055155703177054725 17
1734114945588 0.023905868745512433 18
1734114960451 0.010483115083641477 19
1734114990623 0.0028048002471526465 20
1734115005898 0.012190412936939133 21
1734115020809 0.02435279803143607 22
1734115035683 0.03985446443160375 23
1734115050449 0.04936471560762988 24
1734115081282 0.017819801966349285 25
1734115096280 0.021597897426949605 26
1734115111502 0.0 27
1734115126221 0.02214946515030331 28
1734115141150 0.0367681621056464 29
1734115171394 0.0 30
1734115186553 0.03819521268208822 31
1734115201429 0.012746404701222977 32
1734115216418 0.015147395018074248 33
1734115231273 0.007941078187690841 34
1734115261430 0.0 35
1734115276528 0.023094619313875835 36
1734115291374 0.05294299187759558 37
1734115306275 0.08049088499198358 38
1734115321079 0.03500941918335027 39
1734115351526 0.08863724374936686 40
1734115366814 0.032389014234973326 41
1734115381829 0.03274650830361578 42
1734115397390 0.07752636126759979 43
1734115412938 0.01031772316330009 44
1734115443794 0.02236761897802353 45
1734115458866 0.001879250630736351 46
