1718456263013 0.25836599298885893 0
1718456279193 0.13140442967414856 1
1718456294623 0.10323681788785118 2
1718456309674 0.13123715136732375 3
1718456324639 0.08791999731745039 4
1718456355126 0.058049180677958896 5
1718456370221 0.034359597734042575 6
1718456385690 0.07011538743972778 7
1718456401059 0.08506974391639233 8
1718456416813 0.05851561895438603 9
1718456447223 0.041113898158073425 10
1718456462082 0.022121267659323558 11
1718456477218 0.03858901134559086 12
1718456492080 0.030196807214191983 13
1718456507237 0.054270321769373756 14
1718456537732 0.02973295748233795 15
1718456552737 0.03535949332373483 16
1718456567618 0.03266388603619167 17
1718456582518 0.030320133481706892 18
1718456597979 0.024683854409626553 19
1718456629313 0.02905306645802089 20
1718456644516 0.007926276751926966 21
1718456659677 0.019991395196744373 22
1718456674533 0.015857451728412082 23
1718456689308 0.05364739256245749 24
1718456719528 0.02777058950492314 25
1718456734433 0.012928013290677751 26
1718456749426 0.018137603998184204 27
1718456764299 0.03268645490918841 28
1718456779055 0.014860283051218306 29
1718456809558 0.04537566538367953 30
1718456824576 0.004861712455749512 31
1718456839855 0.012068774018968855 32
1718456854635 0.01152646541595459 33
1718456869348 0.0021799802780151367 34
1718456899328 0.014791724937302726 35
1718456914326 0.01569912476199014 36
1718456929039 0.016635326402527944 37
1718456945112 0.0234481223991939 38
1718456960297 0.011961117386817932 39
1718456990646 0.0192149749823979 40
1718457005840 0.016188346913882663 41
1718457020655 0.01835891604423523 42
1718457035718 0.012979535119874137 43
1718457050977 0.029294776065008982 44
1718457081880 0.06408449794564929 45
1718457096737 0.011953764728137426 46
1718457111824 0.011237084865570068 47
1718457127052 0.021762317844799588 48
1718457142298 0.014746959720339094 49
1718457172316 0.017958566546440125 50
1718457187307 0.0056259844984327045 51
1718457202431 0.0364930523293359 52
1718457217709 0.04699024558067322 53
1718457232447 0.05736087475504194 54
1718457263265 0.03414967230388096 55
1718457278861 0.0047486381871359685 56
1718457293981 0.007131563765662057 57
1718457308444 0.008971923163958959 58
1718457323263 0.008680573531559535 59
1718457353776 0.013755681259291512 60
1718457369033 0.01057251010622297 61
1718457383881 0.023177515183176314 62
1718457398506 0.010791061179978507 63
1718457412942 0.005063657249723162 64
1718457442577 0.016048593180520192 65
1718457457009 0.011615365743637085 66
1718457471538 0.003760784864425659 67
1718457485997 0.0073625871113368446 68
1718457500570 0.01215479416506631 69
1718457530668 0.00786377489566803 70
1718457545124 0.0038237380129950388 71
1718457559382 0.0059557386807033 72
1718457574000 0.008030938250677926 73
