1718519807471 0.676154089825494 0
1718519812389 0.24701300263404846 1
1718519817717 0.24358913728169032 2
1718519822700 0.15905592058386123 3
1718519828745 0.20435009683881486 4
1718519838918 0.14665269958121435 5
1718519844626 0.2434357383421489 6
1718519849453 0.13916275197906153 7
1718519855118 0.13894820426191604 8
1718519859867 0.10823279033814158 9
1718519869125 0.05039527054343905 10
1718519874862 0.06517795154026576 11
1718519879812 0.1006179004907608 12
1718519884806 0.19864485093525477 13
1718519890172 0.08543435271297183 14
1718519899566 0.08877472153731755 15
1718519904770 0.09663660717861992 16
1718519909484 0.0365828594991139 17
1718519914282 0.11875568117414202 18
1718519919600 0.18507806211709976 19
1718519928224 0.09645465601767812 20
1718519933736 0.07026115911347526 21
1718519938877 0.1266938682113375 22
1718519944293 0.04866754902260644 23
1718519949420 0.07737376328025546 24
1718519958257 0.10720376031739372 25
1718519962920 0.05778513156941959 26
1718519968220 0.025036918265478953 27
1718519973492 0.06696888591561999 28
1718519978263 0.06682083649294716 29
1718519987320 0.050480449838297706 30
1718519992197 0.04469711972134454 31
1718519996848 0.045642868316333206 32
1718520002131 0.0664362907409668 33
1718520007828 0.044014940304415565 34
1718520018046 0.07379210846764701 35
1718520023204 0.03696909812944276 36
1718520027931 0.06491319835186005 37
1718520032931 0.0204805103795869 38
1718520038174 0.023421868681907654 39
1718520048145 0.05174030150685992 40
1718520052905 0.11229823316846575 41
1718520057457 0.06101532174008233 42
1718520062530 0.03224820537226541 43
1718520067733 0.10978208269391741 44
1718520076599 0.05394336794103895 45
1718520081733 0.02558880831514086 46
1718520086833 0.11548745632171631 47
1718520091375 0.0635305962392262 48
1718520096219 0.05013254817043032 49
1718520108651 0.05547172150441578 50
1718520113355 0.07471867970057897 51
1718520117923 0.04401002185685294 52
1718520122633 0.0307560105408941 53
1718520126906 0.02879486765180315 54
1718520134810 0.06800649634429387 55
1718520139163 0.03383680326598031 56
1718520143873 0.020445322351796285 57
1718520148615 0.05032715946435928 58
1718520152966 0.03184548020362854 59
1718520161619 0.04580138623714447 60
1718520166326 0.023981875606945584 61
1718520170859 0.0719744126711573 62
1718520175233 0.06824686697551183 63
1718520179801 0.015611979578222548 64
1718520188444 0.04044304255928312 65
1718520192723 0.021719550447804586 66
1718520196945 0.0257367981331689 67
