1715179020908 0.41256693431309294 0
1715179031265 0.5011734068393707 1
1715179041570 0.8439203543322427 2
1715179053495 0.5509977276836123 3
1715179064379 0.3373729182141168 4
1715179079920 0.3016391098499298 5
1715179090139 0.2757819656814848 6
1715179100203 0.19945684288229262 7
1715179110830 0.261272913643292 8
1715179121040 0.13835166607584273 9
1715179145256 0.2254659022603716 10
1715179155687 0.10131202105964933 11
1715179166255 0.12953596668584005 12
1715179176960 0.1950174527508872 13
1715179187594 0.19637292197772435 14
1715179205042 0.22324558347463608 15
1715179215962 0.10451427847146988 16
1715179226213 0.1236602131809507 17
1715179236489 0.10850973853043147 18
1715179246843 0.2965743584292276 19
1715179263580 0.12599610217979976 20
1715179274147 0.15773960309369223 21
1715179284591 0.26028646528720856 22
1715179294903 0.09324433015925544 23
1715179305358 0.1057847546679633 24
1715179321297 0.07554509810038976 25
1715179331945 0.12297860852309636 26
1715179349988 0.1827413546187537 27
1715179360215 0.1537816258413451 28
1715179370678 0.21579105939183915 29
1715179386792 0.11746463286025184 30
1715179397168 0.09145624722753253 31
1715179407483 0.14043030994279043 32
1715179427004 0.1917218736239842 33
1715179437491 0.3084863317864282 34
1715179453626 0.07776925606387002 35
1715179464306 0.15301709941455297 36
1715179474697 0.10495670352663312 37
1715179485114 0.19537614711693355 38
1715179495453 0.1618953389780862 39
1715179511214 0.0744132889168603 40
1715179521650 0.08706511131354741 41
1715179531750 0.13497374526091985 42
1715179542324 0.13404173297541483 43
1715179552503 0.09632558269160134 44
1715179568152 0.08499944103615624 45
1715179578441 0.06302049330302648 46
1715179589507 0.081151724926063 47
1715179599921 0.2524875743048532 48
1715179610649 0.056717638458524434 49
1715179629098 0.11405690972294126 50
1715179639563 0.08614324246134077 51
1715179650389 0.1559446645634515 52
1715179660710 0.11697268273149218 53
1715179671193 0.13582297095230647 54
1715179690416 0.12659148552588054 55
1715179703392 0.15858221905572073 56
1715179714052 0.01770468694823129 57
