1718459996001 0.3819854089191982 0
1718460013465 0.17369288418974196 1
1718460030666 0.06441831801618848 2
1718460047811 0.08050611914534654 3
1718460065048 0.0924353961433683 4
1718460097495 0.03231893692697797 5
1718460114685 0.07222204974719457 6
1718460131627 0.02068017636026655 7
1718460148364 0.189248583146504 8
1718460165255 0.23294517397880554 9
1718460197636 0.07586785938058581 10
1718460214749 0.04066053032875061 11
1718460231879 0.05473664615835462 12
1718460248737 0.08796020384345736 13
1718460265751 0.044472773160253255 14
1718460297740 0.09914587863853999 15
1718460314696 0.03445808802332197 16
1718460331711 0.057537202324186056 17
1718460348371 0.03902291400091989 18
1718460365166 0.015536997999463762 19
1718460397081 0.02885004665170397 20
1718460413992 0.04822474292346409 21
1718460430852 0.03538397593157632 22
1718460447954 0.041922618235860555 23
1718460464674 0.0417480149439403 24
1718460496527 0.05053996401173728 25
1718460514921 0.052706207547869 26
1718460531669 0.050169721245765686 27
1718460548413 0.04550410168511527 28
1718460565467 0.06345600315502711 29
1718460598346 0.03344025356428964 30
1718460616371 0.03982227827821459 31
1718460634158 0.0773671099117824 32
1718460651565 0.02797867783478328 33
1718460669592 0.03452918359211513 34
1718460702440 0.01028471120766231 35
1718460719179 0.048017135255837014 36
1718460736196 0.03442767368895667 37
1718460753441 0.00510774552822113 38
1718460770810 0.04207207688263485 39
1718460803567 0.048693522810935974 40
1718460820819 0.039341063371726444 41
1718460838191 0.027400834219796315 42
1718460856055 0.028025980506624495 43
1718460873095 0.012974632637841361 44
1718460905240 0.0037209391593933105 45
1718460922381 0.018306251083101546 46
1718460939871 0.018722945025988987 47
1718460956974 0.02822052368095943 48
1718460973872 0.013366920607430595 49
1718461007611 0.039934466992105754 50
1718461025448 0.023970467703683034 51
1718461043891 0.014910685164587838 52
1718461061293 0.014871842094830104 53
1718461078916 0.011175883667809623 54
1718461110953 0.014578240258353097 55
1718461128539 0.010822385549545288 56
1718461146702 0.017613813281059265 57
1718461164019 0.010442282472337996 58
1718461182095 0.00404329810823713 59
1718461215602 0.01850703145776476 60
