1734177541108 0.1541165452864435 0
1734177555754 0.06635459667692582 1
1734177570776 0.04078478090620289 2
1734177585578 0.039476041164663106 3
1734177600379 0.01900659692991111 4
1734177630947 0.020946834339863725 5
1734177646203 0.015029209381383326 6
1734177660840 0.03255554454194175 7
1734177675702 0.022852196047703426 8
1734177691089 0.017908643517229293 9
1734177723186 0.0061170437062780065 10
1734177738130 0.007552915175134937 11
1734177753052 0.0003949006527869238 12
1734177767758 0.06638941717230612 13
1734177782638 0.01970865949988365 14
1734177812530 0.017558115637964673 15
1734177828016 0.017477079533920106 16
1734177843138 0.03536615562107828 17
1734177857690 0.0 18
1734177872339 0.017775976719955604 19
1734177902552 0.012220060245858299 20
1734177917477 0.01963320043351915 21
1734177932706 0.0 22
1734177947867 0.011953512827555338 23
1734177963176 0.009988091679082977 24
1734177994747 0.008909322321414948 25
1734178010031 0.002254071128037241 26
1734178025592 0.0013625357144822676 27
1734178040684 0.01774389213985867 28
1734178055715 0.003949361335900094 29
1734178086887 0.014091416572531065 30
1734178102110 0.012505708158844046 31
1734178117480 0.010853537772264745 32
1734178132839 0.004922072092692058 33
1734178147844 0.01622828729968104 34
1734178177958 0.011120866673688093 35
1734178192610 0.01816266526778539 36
1734178207389 0.015775963250133727 37
1734178222151 0.0018658814434376028 38
1734178237184 0.00042616878636181355 39
1734178270621 0.0 40
1734178285314 0.015245490190055635 41
1734178300825 0.012364334737261137 42
1734178316099 0.006105202250182629 43
1734178331305 0.0025290559149450725 44
1734178362662 0.0 45
1734178379467 0.008939791884687211 46
1734178394789 0.00043369221708012954 47
1734178410259 0.02227119170129299 48
1734178425226 0.0042951371934678816 49
1734178455184 0.0007241920361088382 50
1734178469957 0.005603891797363758 51
1734178484656 0.013846971094608307 52
1734178499300 0.009224021807312965 53
1734178513891 0.013153199934297137 54
1734178545116 0.007837057165387604 55
