1734185692049 0.05764341429393324 0
1734185711072 0.04010009310958493 1
1734185729036 0.024732995985282794 2
1734185749171 0.016415697729421988 3
1734185769887 0.01030264070464505 4
1734185805735 0.00358215957466099 5
1734185824611 0.008672060858872201 6
1734185843398 0.011730763647291396 7
1734185863043 0.013007628007067574 8
1734185881513 0.0015539239975623786 9
1734185918892 0.01523227161831326 10
1734185936537 0.0022677669508589637 11
1734185954523 0.019138190791838698 12
1734185972791 0.01976596864147319 13
1734185991030 0.010897512599411938 14
1734186028890 0.0008838618588116434 15
1734186046885 3.9890961488708854e-05 16
1734186064787 0.0036302759415573543 17
1734186083068 0.027677190524021473 18
1734186101373 0.03349669319060114 19
1734186137872 0.009944659728919052 20
1734186155558 0.007995264966868691 21
1734186173845 0.023768504667613242 22
1734186193177 0.002915823832154274 23
1734186212447 0.006094023016177946 24
1734186248735 0.0016991209445728196 25
1734186268274 0.014311296140982045 26
1734186291803 0.013960979464981291 27
1734186311495 0.0009456740485297309 28
1734186330550 0.007979384106066491 29
1734186368069 0.0 30
1734186386122 8.212195502387153e-05 31
1734186403811 0.0047240301759706605 32
1734186421705 0.013520474442177348 33
1734186439533 0.017266931529674266 34
1734186476296 0.0 35
1734186495069 0.015158013169032833 36
1734186513602 0.00029231000937417976 37
1734186531680 0.010557828471064568 38
1734186550942 0.0030298144039180544 39
1734186588650 0.0 40
1734186608190 0.0 41
1734186627163 0.0038653480199476085 42
1734186646191 0.01233788745270835 43
1734186665004 0.0076024532318115234 44
1734186701731 0.002213698915309376 45
1734186719469 0.0 46
1734186738035 0.0 47
1734186756216 0.0 48
1734186774244 0.0028696589999728734 49
1734186811319 0.00911162948856751 50
1734186830574 0.0 51
1734186848839 0.007031714543700218 52
1734186867723 0.004090468226624782 53
1734186885786 0.0 54
1734186922524 0.007787205278873444 55
