1718479721297 0.678243373121534 0
1718479727618 0.4247180585350309 1
1718479733797 0.23570908552833966 2
1718479740161 0.3070991869483675 3
1718479746663 0.21743648499250412 4
1718479757640 0.2009823311652456 5
1718479764018 0.1600308875952448 6
1718479770092 0.21586610589708602 7
1718479776473 0.152023223893983 8
1718479783208 0.1253862434199878 9
1718479796348 0.10387398728302547 10
1718479803024 0.07903764396905899 11
1718479809180 0.08400605086769376 12
1718479815720 0.1097173062818391 13
1718479822017 0.05050519321646009 14
1718479833500 0.05259697565010616 15
1718479841351 0.05768286756106785 16
1718479848370 0.052794073309217183 17
1718479855129 0.04117812642029354 18
1718479861323 0.0830410857285772 19
1718479873424 0.06414372473955154 20
1718479879973 0.0449703112244606 21
1718479886613 0.11063233656542641 22
1718479893397 0.08680828660726547 23
1718479899727 0.052168313946042745 24
1718479911715 0.15179587794201715 25
1718479917984 0.13403262783374106 26
1718479924950 0.04315341264009476 27
1718479931294 0.06240034529141018 28
1718479937978 0.020202709095818654 29
1718479949168 0.013048061302730016 30
1718479955655 0.031080512063843862 31
1718479962555 0.03781761708004134 32
1718479969970 0.029432370194367 33
1718479977732 0.04859656201941626 34
1718479991020 0.06639694316046578 35
1718479998402 0.06640247234255574 36
1718480005518 0.06510815662997109 37
1718480015556 0.031665166573865075 38
1718480021715 0.08435770337070737 39
1718480035731 0.05882735550403595 40
1718480042208 0.07426904301558222 41
1718480048942 0.06648697704076767 42
1718480055182 0.05981436797550747 43
1718480061460 0.03585738369396755 44
1718480072864 0.05452104977199009 45
1718480079487 0.0632220772760255 46
1718480085843 0.04037576275212424 47
1718480092381 0.003447915826525007 48
1718480099253 0.022419188703809465 49
1718480110608 0.0190843152148383 50
1718480117343 0.008858582803181239 51
1718480123729 0.032509339707238336 52
1718480130306 0.04528798907995224 53
1718480137319 0.031988248229026794 54
1718480148869 0.0547629041331155 55
1718480155671 0.01696250481264932 56
1718480162619 0.029408789106777737 57
1718480169534 0.0339045223247792 58
1718480176408 0.034898530691862106 59
1718480187560 0.06006012963397162 60
1718480194123 0.02230092031615121 61
1718480203770 0.021709040871688297 62
1718480210471 0.040729849466255734 63
1718480217007 0.016278480046561787 64
1718480228562 0.02006407082080841 65
1718480235172 0.030011608132294247 66
