1715092418787 0.11585422419011593 0
1715092427390 0.048664515838027 1
1715092436406 0.026282308623194695 2
1715092445190 0.04374660598114133 3
1715092460448 0.03364825318567455 4
1715092469381 0.01881211157888174 5
1715092478980 0.06216174259316176 6
1715092488046 0.06317154318094254 7
1715092501898 0.006833193823695183 8
1715092510909 0.004991121590137482 9
1715092519587 0.011623069643974304 10
1715092528360 0.007403798401355743 11
1715092542997 0.01708407886326313 12
1715092551841 0.025900911539793015 13
1715092561069 0.00791141390800476 14
1715092570058 0.0026895198971033096 15
1715092583770 0.007877454161643982 16
1715092592541 0.039828648790717125 17
1715092601375 0.0036392584443092346 18
1715092610278 0.034989334642887115 19
1715092626662 0.016622964292764664 20
1715092635946 0.0063447398715652525 21
1715092644864 0.003108356148004532 22
1715092653742 0.0 23
1715092668408 0.010419979691505432 24
1715092677697 0.03811275493353605 25
1715092686989 0.03571110870689154 26
1715092696639 0.007794171571731567 27
1715092710567 0.008242029696702957 28
1715092719775 0.016481615602970123 29
1715092729767 0.013516560196876526 30
1715092740156 0.022541943937540054 31
1715092756454 0.003413233906030655 32
1715092768991 0.013113387860357761 33
1715092778296 0.012311909347772598 34
1715092787183 0.01519577857106924 35
1715092800938 0.041501209139823914 36
1715092810720 0.011137450113892555 37
1715092820451 0.004279027576558292 38
1715092829579 0.006177984178066254 39
1715092843452 0.00811077281832695 40
1715092852533 0.01636695966590196 41
1715092861533 0.0007384419441223145 42
1715092870742 0.012514464557170868 43
1715092884383 0.0058448463678359985 44
1715092893901 0.0 45
1715092902905 0.004067916423082352 46
1715092912822 0.0343763493001461 47
1715092926736 0.030895110219717026 48
1715092937348 0.02255420945584774 49
1715092946585 0.014378084801137447 50
1715092955687 0.02090134471654892 51
1715092970112 0.00895700603723526 52
1715092979214 0.004203394055366516 53
1715092988592 0.0019143745303153992 54
1715092997759 0.02380097657442093 55
1715093011910 0.004187274724245071 56
1715093021087 0.013279560953378677 57
1715093030490 0.006238605827093124 58
1715093040388 0.006576605141162872 59
