1715062121870 0.24891485460102558 0
1715062129809 0.17308558896183968 1
1715062138050 0.11635713488794863 2
1715062146295 0.1293873437680304 3
1715062161186 0.08004123019054532 4
1715062169749 0.06137382425367832 5
1715062177843 0.07815094944089651 6
1715062186166 0.05368460435420275 7
1715062200612 0.05043472908437252 8
1715062208598 0.05026012472808361 9
1715062216549 0.0674149002879858 10
1715062224725 0.044231549836695194 11
1715062239555 0.08081159461289644 12
1715062247663 0.06807911209762096 13
1715062255596 0.05090607516467571 14
1715062264392 0.07699322700500488 15
1715062278918 0.05655661225318909 16
1715062286997 0.04855424910783768 17
1715062295149 0.02911798015702516 18
1715062303259 0.047021265141665936 19
1715062322060 0.040638016536831856 20
1715062331095 0.03892572713084519 21
1715062339038 0.023884586989879608 22
1715062346971 0.03557329624891281 23
1715062361178 0.03522262163460255 24
1715062369503 0.01934796804562211 25
1715062378864 0.033235691487789154 26
1715062387521 0.038938322803005576 27
1715062402529 0.02455144887790084 28
1715062411573 0.044936289195902646 29
1715062420948 0.07186886854469776 30
1715062429342 0.05007330537773669 31
1715062443797 0.03511040844023228 32
1715062452407 0.034022349398583174 33
1715062462537 0.03335712291300297 34
1715062470734 0.06071836967021227 35
1715062485272 0.03181995055638254 36
1715062493583 0.04921898432075977 37
1715062502272 0.02430254127830267 38
1715062510414 0.045698873698711395 39
1715062524347 0.023555893450975418 40
1715062532386 0.017061622813344002 41
1715062540460 0.03027959307655692 42
1715062548819 0.006457418203353882 43
1715062563066 0.036229439079761505 44
1715062571098 0.035127777606248856 45
1715062579318 0.02891836129128933 46
1715062587434 0.026456240830157185 47
1715062601628 0.028502119705080986 48
1715062609782 0.03260553628206253 49
1715062618016 0.03750815987586975 50
1715062626172 0.023407218977808952 51
1715062641207 0.01662038266658783 52
1715062649281 0.028225481510162354 53
1715062657129 0.028925885446369648 54
1715062665880 0.030953073874115944 55
1715062680088 0.02926866989582777 56
1715062691012 0.03574899339582771 57
1715062700084 0.02997105848044157 58
1715062709680 0.027265489101409912 59
1715062724073 0.0036834832280874252 60
1715062732800 0.03777081659063697 61
1715062741497 0.03662085346877575 62
1715062749811 0.00162530317902565 63
1715062763778 0.022909460589289665 64
1715062771866 0.03632473386824131 65
1715062779975 0.025172395631670952 66
1715062788501 0.02507527358829975 67
1715062802691 0.030218511819839478 68
1715062810735 0.020228637382388115 69
1715062820134 0.02694110758602619 70
1715062828310 0.028626641258597374 71
1715062842356 0.0035978052765130997 72
1715062850475 0.02386356916758814 73
1715062858592 0.055139221251010895 74
1715062866697 0.028754137456417084 75
