1734095532873 1.1178526679674785 0
1734095548850 1.0813735127449036 1
1734095564306 1.0940298835436504 2
1734095579652 1.0367288788159688 3
1734095595123 0.9740147988001505 4
1734095628525 0.8193390038278368 5
1734095644340 0.8051361706521776 6
1734095660666 0.7132476568222046 7
1734095677090 0.6775466005007426 8
1734095692893 0.6378992531034682 9
1734095725752 0.5575688944922553 10
1734095741211 0.5805307428042094 11
1734095756735 0.45969336728254956 12
1734095772248 0.48773816724618274 13
1734095787922 0.45466016597735387 14
1734095821221 0.3422245118353102 15
1734095836961 0.3318002103931374 16
1734095853371 0.2682015945514043 17
1734095869608 0.3639819787608253 18
1734095885548 0.43009323212835526 19
1734095918528 0.30046771301163566 20
1734095934512 0.2971026963657803 21
