1734179749979 0.04009003073184027 0
1734179765684 0.04075999609712097 1
1734179780989 0.012312041595578194 2
1734179796500 0.010350258296562566 3
1734179811839 0.014629286403457323 4
1734179843027 0.01494907463590304 5
1734179858385 0.02589758237202962 6
1734179873657 0.016640742878533073 7
1734179888254 0.01103076214591662 8
1734179903230 0.0004745236235774226 9
1734179934276 0.014409383034540547 10
1734179949578 0.01991536012954182 11
1734179965058 0.0032555085296432176 12
1734179980198 0.038979644835409194 13
1734179995121 0.009678593422803614 14
1734180026384 0.01720996925400363 15
1734180041823 0.010178645451863607 16
1734180057104 0.0 17
1734180072109 0.009883249540709786 18
1734180087010 0.009618582307464547 19
1734180117935 0.037932658568024635 20
1734180133668 0.0025167111307382584 21
1734180149537 0.001205991850131088 22
1734180164622 0.0 23
1734180179560 0.0006888531044953399 24
1734180210009 0.017889525844819017 25
1734180224822 0.0012887583838568793 26
1734180239878 0.002170562744140625 27
1734180255223 0.018347298519478902 28
1734180270341 0.005894528494940864 29
1734180302576 0.013525388927923309 30
1734180317706 0.0026218537241220474 31
1734180332623 0.0043742213812139295 32
1734180348107 0.01725343379399015 33
1734180363363 0.011528218268520303 34
1734180393590 0.0012651372752669784 35
1734180409639 0.009516680820120705 36
1734180425345 0.0016535211147533522 37
1734180440358 0.0005652286215788788 38
1734180455549 0.0 39
1734180487029 0.016937591271319736 40
1734180503060 0.021963358339336183 41
1734180517771 0.007002794908152686 42
1734180533507 0.01510156566898028 43
1734180549211 0.0 44
1734180580096 0.006686669670873218 45
1734180594893 0.01840062066912651 46
1734180609284 0.002892732620239258 47
1734180623839 0.012908917748265795 48
1734180638436 0.005542172325981988 49
1734180668319 0.005263964464474056 50
1734180683237 0.0002860581347097953 51
1734180697754 0.0015941107542150551 52
1734180712387 0.0 53
1734180728534 0.001894076665242513 54
1734180758603 0.0037258147365517085 55
