1716207923670 0.39980401737349375 0
1716207941641 0.23421297328812735 1
1716207959066 0.13266802792038238 2
1716207976496 0.1280860879591533 3
1716207994162 0.11024959811142512 4
1716208030544 0.08277555022920881 5
1716208049219 0.1004257585321154 6
1716208066643 0.09006425099713462 7
1716208083847 0.17165456925119674 8
1716208101344 0.07582467155797142 9
1716208136132 0.0491876346724374 10
1716208154053 0.0813022745507104 11
1716208171623 0.07424647893224444 12
1716208188827 0.08862228904451643 13
1716208206286 0.08267151032175336 14
1716208240466 0.09590999143464225 15
1716208258233 0.051586154532352727 16
1716208276446 0.058157929352351596 17
1716208294022 0.044348286730902534 18
1716208311475 0.054356864520481656 19
1716208347226 0.1272681366120066 20
1716208364507 0.09101696631738118 21
1716208382266 0.0303821861743927 22
1716208399165 0.044710442423820496 23
1716208416402 0.0195148161479405 24
1716208454590 0.06269850076309272 25
1716208472078 0.07712879776954651 26
1716208489192 0.045409353716032844 27
1716208506272 0.05378565830843789 28
1716208523813 0.04683072545698711 29
1716208558261 0.049654285822595866 30
1716208575629 0.02848882121699197 31
1716208593115 0.0648682713508606 32
1716208609909 0.02851184776851109 33
1716208628745 0.012814415352685111 34
1716208663395 0.019355569566999162 35
1716208680834 0.03494471098695483 36
1716208698341 0.04222938418388367 37
1716208715528 0.019409494740622386 38
1716208733316 0.0530159728867667 39
1716208769818 0.07170494752270835 40
1716208787657 0.06240459850856236 41
