1718534682916 0.2151034644671849 0
1718534700269 0.1322854948895318 1
1718534717669 0.07714243871825081 2
1718534734683 0.08752120286226273 3
1718534751819 0.07967677073819297 4
1718534785356 0.06092690357140133 5
1718534802472 0.06386493572166987 6
1718534819414 0.041331631796700616 7
1718534836588 0.06411057923521314 8
1718534853236 0.04523966035672596 9
1718534885768 0.04094101275716509 10
1718534902649 0.05537142072405134 11
1718534919207 0.08798367423670632 12
1718534935705 0.06774439130510602 13
1718534952309 0.05121160405022757 14
1718534984542 0.01785303439412798 15
1718535000960 0.05593245157173702 16
1718535017741 0.054833916681153436 17
1718535034280 0.0306554308959416 18
1718535052029 0.07665900460311345 19
1718535084847 0.014390623995235987 20
1718535101687 0.057022695030484884 21
1718535118256 0.0701262823172978 22
1718535134995 0.062219632523400445 23
1718535151612 0.03360535630158016 24
1718535183694 0.024732489671025957 25
1718535200334 0.05431385125432696 26
1718535221706 0.014666459390095301 27
1718535238639 0.024049967527389526 28
1718535255490 0.04043812411172049 29
1718535287543 0.018858688218253 30
1718535304277 0.027566462755203247 31
1718535320936 0.03149201827389853 32
1718535338729 0.026180209858076915 33
1718535356209 0.05286369366305215 34
1718535391946 0.016583864177976335 35
1718535409500 0.017158167702811106 36
1718535426736 0.04272782802581787 37
1718535443902 0.02962549456528255 38
1718535460989 0.02660697272845677 39
1718535494213 0.01282934205872672 40
1718535510934 0.05600427729742868 41
1718535527901 0.016235494187899997 42
1718535545146 0.0007008271557944161 43
1718535562898 0.00417441555431911 44
1718535596455 0.013065257242747716 45
1718535613782 0.011355612959180559 46
1718535630715 0.005064923848424639 47
1718535647602 0.018995240330696106 48
1718535665486 0.005948117801121303 49
