1718485884539 0.06974819408995765 0
1718485898318 0.03869389423302242 1
1718485912928 0.023392632603645325 2
1718485927566 0.02858914647783552 3
1718485942047 0.02793123040880476 4
1718485963996 0.010383842246873038 5
1718485978921 0.003801703453063965 6
1718485993905 0.010327177388327462 7
1718486008394 0.009330742593322481 8
1718486023138 0.017220812184470042 9
1718486044201 0.007450274058750698 10
1718486058692 0.0167445040174893 11
1718486073953 0.012093002242701394 12
1718486088617 0.0025718510150909424 13
1718486103124 0.010016317878450667 14
1718486123486 0.004127830266952515 15
1718486138091 0.02157901014600481 16
1718486153048 0.02513057312795094 17
1718486167714 0.00661082352910723 18
1718486182216 0.0 19
1718486203029 0.013262190989085607 20
1718486217488 0.005151139838354928 21
1718486232377 0.014451728335448675 22
1718486246253 0.007139465638569423 23
1718486260630 0.007514855691364833 24
1718486282144 0.011763365140983037 25
1718486296176 0.006612002849578857 26
1718486310572 0.008630318301064628 27
1718486324626 0.004530817270278931 28
1718486339230 0.013176036732537406 29
1718486360252 0.0005528586251395089 30
1718486375213 0.014481735016618456 31
1718486389692 0.012041726282664708 32
1718486404106 0.0 33
1718486418535 0.01873994937964848 34
1718486438888 0.009276053735188075 35
1718486453045 0.003460594585963658 36
1718486467457 0.0 37
1718486481888 0.003914207220077515 38
1718486496274 0.009385619844709123 39
1718486518073 0.0 40
1718486532904 0.0 41
1718486547555 0.0 42
1718486562275 0.0163896701165608 43
1718486577023 0.0 44
