1745053744507 0.0921957219640414 0
1745053761233 0.07420184908227788 1
1745053777335 0.03204591109210418 2
1745053795188 0.019361407392554812 3
1745053830833 0.027105075410670705 4
1745053847158 0.008079669955703948 5
1745053863411 0.022869533309454307 6
1745053879609 0.022216328730185825 7
1745053912545 0.03234600151578585 8
1745053928713 0.02636283387740453 9
1745053945972 0.023616455159046583 10
1745053962164 0.01081932025651137 11
1745053995879 0.012956910624375774 12
1745054012242 0.00963956324590577 13
1745054031598 0.004500124189588759 14
1745054047866 0.0 15
