1718487613494 0.11661402881145477 0
1718487630876 0.07755287630217415 1
1718487647973 0.0457096483026232 2
1718487665154 0.007071812238012042 3
1718487681537 0.05431035267455237 4
1718487704288 0.01677946693130902 5
1718487720891 0.06552384900195259 6
1718487737530 0.022119110184056417 7
1718487754027 0.029951113143137524 8
1718487771348 0.01415629152740751 9
1718487793919 0.028967669499771937 10
1718487810477 0.07233448113713946 11
1718487827434 0.10685135849884578 12
1718487843630 0.012430590710469655 13
1718487861178 0.024765666042055403 14
1718487883354 0.024536735245159695 15
1718487899612 0.010367328567164285 16
1718487915979 0.007575343762125287 17
1718487932526 0.00867575194154467 18
1718487948886 0.007915278098412923 19
1718487971270 0.009961187839508057 20
1718487987956 0.025269241205283573 21
1718488004215 0.013144919914858682 22
1718488020446 0.018615897744894028 23
1718488036704 0.04203572975737708 24
1718488061601 0.022293233445712497 25
1718488078218 0.033094936183520725 26
1718488094596 0.014276060142687388 27
1718488110708 0.008501993758337838 28
1718488127598 0.013607761689594813 29
1718488151584 0.0024339684418269564 30
1718488168037 0.01919541135430336 31
1718488184097 0.0037578876529421124 32
1718488200488 0.007974043488502502 33
1718488217774 0.010777261108160019 34
1718488242099 0.012408428958484105 35
1718488258352 0.0022723483187811716 36
1718488275053 0.0008793941565922328 37
1718488293307 0.00229895327772413 38
1718488313127 0.0008410726274762835 39
1718488337430 0.0016431233712605067 40
1718488354253 0.0026653409004211426 41
1718488372217 0.0011989580733435495 42
1718488389521 0.004729279450007847 43
1718488406378 0.00960711549435343 44
1718488430537 0.006186125533921378 45
1718488447619 0.009515526039259774 46
1718488464820 0.0 47
1718488485481 0.001549912350518363 48
1718488503237 0.0045000458402293065 49
1718488527758 0.0029673746653965543 50
1718488545134 0.001063802412578038 51
1718488562831 0.0 52
1718488581044 0.006398642169577735 53
1718488598010 0.00878189131617546 54
1718488622472 0.006960645318031311 55
1718488640045 4.234697137560163e-05 56
1718488657037 0.003642522862979344 57
1718488674270 0.0 58
1718488691246 0.0052951425313949585 59
1718488718885 0.012553584894963674 60
1718488736260 0.006305013384137835 61
1718488754207 0.00994788748877389 62
1718488771377 0.01791714770453317 63
1718488790842 0.0006666630506515503 64
1718488815878 0.011768701885427748 65
1718488833637 0.0015177662883486067 66
1718488850611 0.04598467903477805 67
