1718526505694 0.11611805643354144 0
1718526525314 0.11075313282864434 1
1718526545266 0.07901247590780258 2
1718526564455 0.083908383335386 3
1718526584497 0.0991935282945633 4
1718526611369 0.07037221959659032 5
1718526631307 0.006813994475773403 6
1718526650833 0.04087240993976593 7
1718526671367 0.06867095189435142 8
1718526691315 0.05932770882334028 9
1718526718235 0.02380574813910893 10
1718526738316 0.048967836158616204 11
1718526757741 0.02172008582523891 12
1718526777463 0.07164757166590009 13
1718526797396 0.06237722294671195 14
1718526824339 0.039040591035570414 15
1718526844293 0.0252329877444676 16
1718526863584 0.0770874513047082 17
1718526884134 0.019262149930000305 18
1718526904481 0.029833401952471052 19
1718526931801 0.016910727534975325 20
1718526951755 0.048678766403879435 21
1718526972300 0.031030893325805664 22
1718526992051 0.04391083972794669 23
1718527013330 0.03856383902685983 24
1718527040960 0.08906517284257072 25
1718527061161 0.2956047696726663 26
1718527081083 0.04921185118811471 27
1718527100737 0.10625632320131574 28
1718527120441 0.1274151929787227 29
1718527149466 0.0060381463595799035 30
1718527168714 0.07379801784242902 31
1718527188416 0.08871263159172875 32
1718527208346 0.09650785369532448 33
1718527228033 0.2013291141816548 34
1718527255847 0.17481388364519393 35
1718527277125 0.12799350491591863 36
1718527297841 0.04937288165092468 37
1718527319324 0.1104700437613896 38
1718527340413 0.1345916496855872 39
1718527368633 0.02801136885370527 40
1718527389308 0.0835539059979575 41
1718527410100 0.10216779368264335 42
1718527430597 0.07037794589996338 43
1718527451569 0.03784835338592529 44
1718527480124 0.0681400213922773 45
1718527500563 0.07653148472309113 46
1718527520959 0.08241699423108782 47
1718527541468 0.09108660050800868 48
1718527562253 0.029225839035851613 49
1718527591109 0.05039304494857788 50
1718527611299 0.1765065916946956 51
1718527632124 0.07208169570990972 52
1718527652710 0.03485660254955292 53
1718527673398 0.04734078049659729 54
1718527702341 0.0 55
1718527723636 0.021696482385907854 56
1718527744686 0.0 57
1718527765806 0.007884613105228968 58
1718527787328 0.0642930737563542 59
1718527817636 0.06265557876655034 60
