1734098869599 0.11594104953110218 0
1734098886179 0.05615290409574906 1
1734098902349 0.024795670993626118 2
1734098918493 0.029422889256642923 3
1734098934709 0.0670921338411669 4
1734098967988 0.04311926787098249 5
1734098984136 0.013128097272581525 6
1734098999741 0.005817051200817029 7
1734099015729 0.027067166856593557 8
1734099031138 0.01289144717156887 9
1734099063154 0.0061818934466120684 10
1734099079235 0.0018929286549488704 11
1734099094733 0.007796009640312857 12
1734099110209 0.011373073949168125 13
1734099125709 0.0037045720317918393 14
1734099156499 0.023135922538737457 15
1734099171773 0.005783136416640546 16
1734099187217 0.0182169522676203 17
1734099202738 0.019298704664429858 18
1734099218854 0.008245399558088846 19
1734099251136 0.0025290162302553654 20
1734099266266 0.004247424813608329 21
1734099281702 0.05799282921685113 22
1734099296953 0.015328007439772287 23
1734099311740 0.011395315639674664 24
1734099342361 0.004480311181396246 25
1734099357929 0.007792600947949622 26
1734099373040 0.01048618115277754 27
1734099388701 0.001105964183807373 28
1734099404614 0.01506749763050013 29
1734099436993 0.012915958133008745 30
1734099454262 0.0012250343958536785 31
1734099471648 0.003748783220847448 32
1734099488714 0.0445918801964985 33
1734099505549 0.0002947206764171521 34
1734099539308 0.00388132201300727 35
1734099556933 0.0 36
1734099576547 0.0019049158112870322 37
1734099594904 0.000416314151758949 38
1734099613882 0.017900193213588662 39
1734099654935 0.0018111643277936513 40
1734099677105 0.006109868900643455 41
1734099696103 0.005224473050071133 42
1734099711899 0.002185446313685841 43
1734099727169 0.0 44
1734099765753 0.002461598979102241 45
1734099785868 0.00285415289302667 46
1734099804881 0.007618396232525508 47
1734099839633 0.0032176265699995887 48
1734099860118 0.0020684225277768243 49
1734099900187 0.006621223770909839 50
1734099919948 0.005223181512620714 51
1734099941195 0.004853230797582203 52
1734099969154 0.0 53
1734099990780 0.005576442927122116 54
1734100052736 0.027123928897910647 55
1734100097330 0.01958318737645944 56
