1714811055731 0.2891172468662262 0
1714811078535 0.19995990116149187 1
1714811099162 0.1207962273620069 2
1714811118324 0.10784056596457958 3
1714811159491 0.11171241011470556 4
1714811179230 0.06502696312963963 5
1714811200378 0.08016271842643619 6
1714811221900 0.055681826546788216 7
1714811265278 0.1456618271768093 8
1714811285098 0.06848704814910889 9
1714811304990 0.03411418758332729 10
1714811330718 0.046967312693595886 11
1714811378778 0.08589642494916916 12
1714811400205 0.06544542871415615 13
1714811425484 0.026729987934231758 14
1714811450588 0.085800064727664 15
1714811493011 0.02171681821346283 16
1714811513576 0.09199215844273567 17
1714811533274 0.02678551897406578 18
1714811555129 0.047272346913814545 19
1714811599331 0.04184495471417904 20
1714811621532 0.056286437436938286 21
1714811646168 0.037806522101163864 22
1714811669176 0.0342072113417089 23
1714811712507 0.04773884080350399 24
1714811734470 0.05406290665268898 25
1714811759644 0.030013250332558528 26
1714811782747 0.03220671787858009 27
1714811824390 0.051138464361429214 28
1714811844294 0.021983660757541656 29
1714811864733 0.04558715224266052 30
1714811886034 0.03061663976404816 31
1714811925925 0.04343490878818557 32
1714811948839 0.054317817091941833 33
1714811979327 0.052559963427484035 34
1714811999762 0.03355501405894756 35
1714812040305 0.01956266164779663 36
1714812058999 0.024722818285226822 37
1714812081241 0.07127472944557667 38
1714812101378 0.03526155650615692 39
1714812146161 0.02532646502368152 40
1714812170356 0.02399696223437786 41
1714812191990 0.050696050049737096 42
1714812217568 0.04143849294632673 43
1714812261382 0.03535683825612068 44
1714812279913 0.04236651270184666 45
1714812300506 0.02951245754957199 46
1714812321406 0.01338810846209526 47
