1716623795287 0.23637868463993073 0
1716623815637 0.16337234952620097 1
1716623837127 0.08124445378780365 2
1716623857206 0.07872200650828225 3
1716623877638 0.050108034695897787 4
1716623917417 0.04504901596478054 5
1716623937800 0.06249129878623145 6
1716623957948 0.05448818100350244 7
1716623978160 0.1427229568362236 8
1716623998118 0.0547992331641061 9
1716624037716 0.03365890681743622 10
1716624058067 0.030261907194341933 11
1716624078755 0.023483436022486006 12
1716624099070 0.09894200307982308 13
1716624119520 0.10475556658846992 14
1716624157126 0.03209574094840458 15
1716624176895 0.02077502225126539 16
1716624197410 0.06283969432115555 17
1716624217810 0.07630623131990433 18
1716624238613 0.027635528572968075 19
1716624276171 0.022981390357017517 20
1716624296612 0.020144760608673096 21
1716624317111 0.04525170262370791 22
1716624337412 0.038960455783775876 23
1716624357672 0.008436704320566995 24
1716624394937 0.015484294721058436 25
1716624416965 0.032977793897901266 26
1716624439907 0.0409075277192252 27
1716624462496 0.053954939757074626 28
1716624490487 0.030803593141692027 29
1716624533362 0.018199233072144643 30
1716624554051 0.005940049886703491 31
1716624576082 0.011012892637934004 32
1716624597713 0.045401969126292636 33
1716624617683 0.04271463304758072 34
1716624655556 0.03439670375415257 35
1716624678368 0.010747190032686506 36
1716624701402 0.03546576840536935 37
1716624723828 0.009657634156090873 38
1716624745481 0.010874184114592416 39
1716624785606 0.046249519501413615 40
1716624807582 0.022415637969970703 41
1716624829727 0.04585738160780498 42
1716624852158 0.041238319660936086 43
1716624876383 0.007588986839566912 44
1716624920183 0.015881043459687914 45
1716624943135 0.009567243712288993 46
