1715177523070 0.8101042423929486 0
1715177530009 0.6499309539794922 1
1715177536962 0.3650826279606138 2
1715177543469 0.23287628591060638 3
1715177550175 0.16423919796943665 4
1715177560951 0.15064231944935663 5
1715177567513 0.24381261212485178 6
1715177574385 0.16318624120737826 7
1715177581484 0.11907466394560677 8
1715177587944 0.0631352471453803 9
1715177598888 0.18723553099802562 10
1715177605798 0.11167846620082855 11
1715177612760 0.11645327614886421 12
1715177619368 0.1243942848273686 13
1715177626285 0.08601464969771248 14
1715177637854 0.11507562654359 15
1715177644914 0.11652053466864995 16
1715177652167 0.06284098327159882 17
1715177658812 0.07791733688541821 18
1715177665492 0.07287740068776268 19
1715177676803 0.04990823247603008 20
1715177684167 0.10176268219947815 21
1715177691009 0.053558420922075 22
1715177697331 0.07819315258945737 23
1715177704118 0.0614910934652601 24
1715177714950 0.07281727130923953 25
1715177722337 0.053969621658325195 26
1715177728788 0.04455064024244036 27
1715177735519 0.06051515308873994 28
1715177742227 0.044027558394840786 29
1715177754690 0.0376700684428215 30
1715177761780 0.06952533232314247 31
1715177768151 0.05806028949362891 32
1715177774924 0.03859562426805496 33
1715177781620 0.06346938014030457 34
1715177792611 0.055314023579869954 35
1715177799447 0.0769491855587278 36
1715177806776 0.025056729359286174 37
1715177813628 0.0359292881829398 38
1715177821390 0.05870864114591053 39
1715177832170 0.04174030785049711 40
1715177839195 0.01716693863272667 41
1715177846082 0.025924793311527798 42
1715177852762 0.0506793058344296 43
1715177859440 0.018309486763817922 44
1715177870385 0.018543670220034465 45
1715177877099 0.05280376012836184 46
1715177883602 0.06719601047890526 47
1715177890433 0.045324533113411496 48
1715177896854 0.031142902161393846 49
1715177911280 0.026958287826606205 50
1715177917780 0.06498495702232633 51
1715177924445 0.016453009630952562 52
1715177935329 0.034135090453284125 53
1715177942292 0.04251044350011008 54
1715177953264 0.025159403149570738 55
1715177959785 0.0631469115614891 56
1715177966173 0.007198725427900042 57
1715177973293 0.024715450193200792 58
1715177980003 0.07106712247644152 59
1715177996145 0.08216862912688937 60
1715178003385 0.06031430406229837 61
1715178010308 0.03646012608494077 62
1715178017359 0.07939889069114413 63
1715178023983 0.07527066022157669 64
1715178035074 0.02003004082611629 65
1715178042037 0.04518265702894756 66
1715178048469 0.03186322642224176 67
1715178054878 0.02083533150809152 68
1715178061960 0.03927518320935113 69
1715178074210 0.0330129148704665 70
1715178081116 0.030163328562464033 71
1715178087895 0.03432855222906385 72
