1718514861517 0.16677219633545196 0
1718514883114 0.15499443241528102 1
1718514905096 0.1160963699221611 2
1718514933354 0.0951508560350963 3
1718514955097 0.0638192253453391 4
1718514986825 0.03934325384242194 5
1718515008185 0.10455836462123054 6
1718515030774 0.105837382376194 7
1718515052314 0.03243541078908103 8
1718515073577 0.07530425382511956 9
1718515103263 0.0631069125873702 10
1718515124982 0.027741126716136932 11
1718515146799 0.03759124023573739 12
1718515168420 0.024975343474320004 13
1718515190121 0.06927187581147466 14
1718515220571 0.0709600065435682 15
1718515242555 0.04205669569117682 16
1718515264234 0.056806423834392 17
1718515286304 0.021147529993738447 18
1718515309193 0.049352504312992096 19
1718515341437 0.00720194833619254 20
1718515364397 0.029999195465019772 21
1718515387672 0.038162489022527425 22
1718515410286 0.03277952969074249 23
1718515433077 0.04055018935884748 24
1718515465895 0.012529007026127406 25
1718515488415 0.13725784420967102 26
1718515511434 0.01938561988728387 27
1718515534304 0.017734616994857788 28
1718515556984 0.01866907626390457 29
1718515588595 0.03149554452725819 30
1718515611829 0.008135850940431868 31
1718515635106 0.0019501405102866037 32
1718515657515 0.013645555291857039 33
1718515680408 0.013747023684637887 34
1718515711930 0.10519540097032275 35
1718515734201 0.016014682395117625 36
1718515757462 0.03593102949006217 37
1718515779790 0.03868408288274493 38
1718515802373 0.012217574885913305 39
1718515834369 0.02190739555018289 40
1718515857558 0.017034567892551422 41
1718515879182 0.02319711446762085 42
1718515901114 0.027486983154501234 43
1718515922464 0.016521437891892025 44
1718515951455 0.019207274275166646 45
1718515972344 0.01613474211522511 46
1718515993975 0.011823129441056932 47
1718516015613 0.045504163418497355 48
1718516043716 0.007945533309664046 49
1718516075535 0.013672628573008947 50
1718516097814 0.007746555975505284 51
1718516119441 0.017956680485180447 52
1718516141368 0.028243929147720337 53
1718516163893 0.031933997358594625 54
1718516193309 0.0009116572993142265 55
1718516214833 0.0136413893529347 56
1718516236063 0.013602239745003837 57
1718516257600 0.06404424458742142 58
1718516279161 0.005554727145603725 59
1718516310393 0.018402186887604848 60
1718516340571 0.02860226482152939 61
1718516362404 0.016243550394262587 62
1718516383965 0.005820121083940778 63
1718516405646 0.05408920879874911 64
