1718518911060 0.28506405864443096 0
1718518924576 0.13047280694757188 1
1718518937711 0.1325561531952449 2
1718518952054 0.09947981765227658 3
1718518965493 0.14448876998254231 4
1718518985859 0.08875875174999237 5
1718518998877 0.08507644491536277 6
1718519012230 0.1007300785609654 7
1718519025727 0.10760985314846039 8
1718519040935 0.10490787242140089 9
1718519062473 0.08698260677712304 10
1718519075465 0.08230628073215485 11
1718519088456 0.04416567087173462 12
1718519101735 0.0777938940695354 13
1718519117759 0.06972137519291469 14
1718519136273 0.04579194741589682 15
1718519151027 0.07563866249152593 16
1718519164337 0.08593825144427163 17
1718519178333 0.07111128738948277 18
1718519191633 0.06784602999687195 19
1718519210319 0.08183582233531135 20
1718519223988 0.02298742319856371 21
1718519237088 0.04059860536030361 22
1718519250391 0.15604114213160106 23
1718519263592 0.08174721258027214 24
1718519283387 0.0398275117788996 25
1718519296624 0.02511087166411536 26
1718519309922 0.11978464041437421 27
1718519323248 0.056099691561290195 28
1718519336913 0.0543552998985563 29
1718519356955 0.09904689235346657 30
1718519370087 0.04288479047162192 31
1718519383368 0.19984771524156844 32
1718519396758 0.08199958290372576 33
1718519409902 0.1044462216751916 34
1718519431576 0.022473230957984924 35
1718519444729 0.073807920728411 36
1718519457713 0.03174830334527152 37
1718519470699 0.13285598903894424 38
1718519484224 0.06991003879478999 39
1718519503293 0.04844723854746137 40
1718519516805 0.054233167852674215 41
1718519530524 0.06323896561350141 42
1718519543661 0.07279226396765028 43
1718519557259 0.06830206513404846 44
1718519577218 0.1957499576466424 45
1718519591302 0.03183894604444504 46
1718519605202 0.07905275906835284 47
1718519618613 0.047072162585599084 48
1718519632304 0.04080154427460262 49
1718519653687 0.08673486113548279 50
1718519667866 0.10129321047237941 51
1718519681818 0.006562390497752598 52
1718519696024 0.05550952787910189 53
1718519710575 0.060344218143395016 54
1718519731820 0.041042503501687734 55
1718519745518 0.11314934917858668 56
1718519759856 0.06190321062292371 57
1718519773574 0.06966338413102287 58
1718519787875 0.025551608630589077 59
