1718512593481 0.2533189845936639 0
1718512620341 0.3688451903206961 1
1718512646709 0.1477430984377861 2
1718512673187 0.2404687681368419 3
1718512698944 0.21610680222511292 4
1718512733143 0.124606192111969 5
1718512758717 0.08268842899373599 6
1718512784405 0.22901013387101038 7
1718512810446 0.1939935918365206 8
1718512838977 0.21347646628107345 9
1718512872369 0.10706911661795207 10
1718512897968 0.12465651759079524 11
1718512923661 0.050835500338247845 12
1718512949363 0.10112154696668897 13
1718512975379 0.06640260347298213 14
1718513009775 0.14813011033194406 15
1718513036384 0.12069165706634521 16
1718513062558 0.13111837846892221 17
1718513088512 0.17326959328992025 18
1718513114495 0.14692793147904532 19
1718513148361 0.06940850615501404 20
1718513174612 0.05133693984576634 21
1718513201211 0.1793542695896966 22
1718513227279 0.09117219277790614 23
1718513252712 0.08033256445612226 24
1718513286241 0.05743448223386492 25
1718513312322 0.09717530331441335 26
1718513341364 0.0967622058732169 27
1718513368256 0.03747457691601345 28
1718513395299 0.2321463887180601 29
1718513429823 0.07017880252429418 30
1718513455355 0.1746656277350017 31
1718513481139 0.07984767641339983 32
1718513507574 0.7318466178008488 33
1718513533479 0.021958593811307634 34
1718513566654 0.12428835460117885 35
1718513592022 0.07934548386505672 36
1718513617625 0.12436931048120771 37
1718513643976 0.3876397269112723 38
1718513669302 0.15332444863659994 39
1718513703406 0.1322339198419026 40
1718513728610 0.13924664897578104 41
1718513754259 0.07608574203082494 42
1718513780537 0.10319630375930242 43
1718513807185 0.04277167362826211 44
1718513842785 0.09666242876223155 45
1718513868583 0.03088564319269998 46
1718513893921 0.0555579023701804 47
1718513918903 0.11970749071666173 48
1718513944607 0.14151916120733535 49
1718513978468 0.04301438267741885 50
1718514004137 0.001643810953412737 51
1718514030013 0.10703147947788239 52
1718514056037 0.042776056698390415 53
1718514081623 0.015939427273614065 54
1718514118022 0.027019588010651723 55
1718514143464 0.01748988245214735 56
