1714747451497 0.41044546384364367 0
1714747468985 0.20601071044802666 1
1714747485987 0.19685635156929493 2
1714747505515 0.11070561571978033 3
1714747541952 0.11255009658634663 4
1714747560389 0.1191742701921612 5
1714747579807 0.05971812270581722 6
1714747598359 0.0958867073059082 7
1714747639168 0.09720877557992935 8
1714747659581 0.10334450099617243 9
1714747684383 0.0989292524755001 10
1714747703511 0.10300579154863954 11
1714747743469 0.07057775743305683 12
1714747764626 0.09728579642251134 13
1714747786395 0.08248522318899632 14
1714747806887 0.05450427811592817 15
1714747850822 0.04195503145456314 16
1714747873243 0.06717313639819622 17
1714747892175 0.05093486234545708 18
1714747911938 0.06279522739350796 19
1714747960157 0.0543176643550396 20
1714747982826 0.05461827851831913 21
1714748005513 0.042837075889110565 22
1714748029747 0.04912671959027648 23
1714748076403 0.039537591859698296 24
1714748101798 0.03252179175615311 25
1714748124942 0.06241775146918371 26
1714748143156 0.0659085949882865 27
1714748185783 0.07154399901628494 28
1714748206894 0.02132054790854454 29
1714748228046 0.0442252978682518 30
1714748248081 0.06276845745742321 31
