1714894862102 0.32010486256331205 0
1714894864658 0.1453986894339323 1
1714894867497 0.12173003889620304 2
1714894870368 0.12386534549295902 3
1714894877666 0.07010797609109432 4
1714894880472 0.0671677915379405 5
1714894883018 0.04685569182038307 6
1714894885729 0.04723363742232323 7
1714894891798 0.07415061816573143 8
1714894894501 0.06671026162803173 9
1714894897041 0.06554319895803928 10
1714894899631 0.057294080033898354 11
1714894905534 0.0542436670511961 12
1714894908134 0.05681644473224878 13
1714894910891 0.059083778876811266 14
1714894913670 0.07216629385948181 15
1714894919389 0.06689601577818394 16
1714894921946 0.030823733657598495 17
1714894925212 0.03916206303983927 18
1714894927709 0.04901581443846226 19
1714894933506 0.03756384178996086 20
1714894935972 0.045294176787137985 21
1714894938529 0.059756265953183174 22
1714894941471 0.07063719071447849 23
1714894947573 0.0542936772108078 24
1714894950262 0.026668475940823555 25
1714894953184 0.014103371882811189 26
1714894955972 0.0221569687128067 27
1714894961896 0.014278590679168701 28
1714894964663 0.01732449419796467 29
1714894967302 0.05217032879590988 30
1714894970009 0.011899113655090332 31
1714894975683 0.04474128782749176 32
1714894978319 0.04605954885482788 33
1714894981330 0.0358196422457695 34
1714894983837 0.02628534473478794 35
1714894989689 0.023793742060661316 36
1714894992076 0.04397214762866497 37
1714894994699 0.017852840945124626 38
1714894997413 0.018834704533219337 39
1714895003139 0.04040487727615982 40
1714895005814 0.018709812313318253 41
1714895008601 0.016447415575385094 42
1714895011201 0.04059331677854061 43
1714895017234 0.022277532145380974 44
1714895019959 0.041631970554590225 45
1714895022769 0.03084054123610258 46
1714895025744 0.04049806483089924 47
1714895031652 0.049985554069280624 48
1714895034503 0.031519342213869095 49
1714895037419 0.02512631192803383 50
1714895040012 0.03237912617623806 51
1714895045907 0.021639658138155937 52
1714895048826 0.02444644831120968 53
1714895051568 0.03642687201499939 54
1714895054372 0.03590022213757038 55
1714895060251 0.02381748892366886 56
1714895063077 0.05294633191078901 57
1714895065807 0.027657780796289444 58
1714895068913 0.017055736854672432 59
1714895075361 0.01673899032175541 60
1714895077985 0.023208674043416977 61
1714895080691 0.012237956747412682 62
1714895083400 0.0187008548527956 63
1714895089080 0.030505269940476865 64
1714895091829 0.03305235505104065 65
1714895094469 0.02302676998078823 66
1714895097186 0.024046435952186584 67
1714895102897 0.0189508143812418 68
1714895105643 0.008884722366929054 69
1714895108378 0.008458681404590607 70
1714895111209 0.020735103636980057 71
1714895117044 0.015146074816584587 72
1714895119855 0.016362084075808525 73
1714895122557 0.03305124817416072 74
1714895125204 0.0 75
1714895130906 0.008460048586130142 76
1714895133779 0.007252959534525871 77
1714895136606 0.011547977104783058 78
1714895139283 0.022780980449169874 79
1714895145288 0.036311233416199684 80
1714895148391 0.018994303420186043 81
1714895151427 0.03942207060754299 82
1714895154252 0.03767735464498401 83
1714895160078 0.005010148510336876 84
1714895162776 0.027246497571468353 85
1714895165648 0.009856415912508965 86
1714895168435 0.025367826223373413 87
1714895174401 0.001317635178565979 88
1714895177460 0.02425941708497703 89
1714895180255 0.01466965302824974 90
1714895183284 0.011299973353743553 91
1714895189982 0.009557757526636124 92
1714895193015 0.007121894508600235 93
1714895195980 0.03437923640012741 94
1714895198872 0.01879984769038856 95
