1715174108441 0.3435067308268377 0
1715174122873 0.19530312078339712 1
1715174136867 0.14138152131012507 2
1715174150659 0.13907690984862192 3
1715174165762 0.2359646133014134 4
1715174185765 0.09318952901022774 5
1715174199565 0.08444132230111531 6
1715174212637 0.09046763394560133 7
1715174225979 0.0488277439560209 8
1715174239419 0.07019236470971789 9
1715174260187 0.03138541004487446 10
1715174273848 0.04676357443843569 11
1715174287127 0.06398064536707741 12
1715174300661 0.06332393629210335 13
1715174314301 0.11201296959604536 14
1715174334439 0.0393135238971029 15
1715174348482 0.017545580863952637 16
1715174362376 0.052668491644518714 17
1715174376057 0.06326393144471305 18
1715174389681 0.0671102340732302 19
1715174409820 0.03876304626464844 20
1715174423478 0.0267340572816985 21
1715174437300 0.08575074135192803 22
1715174452334 0.07800858574254173 23
1715174466632 0.05679823351757867 24
1715174487128 0.07446282889161791 25
1715174501230 0.05661963565008981 26
1715174515842 0.057388649455138614 27
1715174529524 0.03265550200428281 28
1715174544442 0.034959269421441216 29
1715174564548 0.02619101426431111 30
1715174578190 0.0860119376863752 31
1715174592219 0.01147877424955368 32
1715174605593 0.04789476948125022 33
1715174619152 0.012409515678882599 34
1715174639108 0.030518157141549245 35
1715174653502 0.026530480810574124 36
1715174668113 0.021095087485654012 37
1715174683181 0.03168214485049248 38
1715174697870 0.05300033518246242 39
1715174719682 0.09536543382065636 40
1715174734209 0.0627157496554511 41
1715174748900 0.045463202255112786 42
