1718482995263 0.21987293660640717 0
1718483000224 0.09400550701788493 1
1718483005322 0.057841304157461436 2
1718483015095 0.03341620894415038 3
1718483020038 0.07090589297669274 4
1718483028960 0.05227457306214741 5
1718483034062 0.05550018059355872 6
1718483043964 0.04201405282531466 7
1718483049229 0.05254283973148891 8
1718483054662 0.07410840903009687 9
1718483063721 0.026563251657145365 10
1718483069170 0.029972944408655167 11
1718483074571 0.023960317884172713 12
1718483080346 0.030007889228207723 13
1718483085329 0.005410762769835336 14
1718483093926 0.029749025191579546 15
1718483100018 0.020670529987130846 16
1718483106064 0.010573957647596086 17
1718483111016 0.03895188069769314 18
1718483115877 0.018221368747098104 19
1718483124891 0.016504723578691483 20
1718483129931 0.024223241955041885 21
1718483134995 0.10738876355545861 22
1718483140764 0.019003433840615407 23
1718483145931 0.016614944274936403 24
1718483156064 0.008924078728471483 25
1718483161280 0.06559375779969352 26
1718483166292 0.005180295024599347 27
1718483171864 0.0035608644996370587 28
1718483176540 0.0060485367264066425 29
1718483186510 0.01311625646693366 30
1718483191496 0.01832268067768642 31
1718483197396 0.013471245765686035 32
1718483202925 0.023036104759999683 33
1718483208011 0.0071916452475956506 34
1718483217318 0.016300014087132046 35
1718483222566 0.010046062192746572 36
1718483230385 0.013333637799535478 37
1718483235432 0.009306888495172774 38
1718483240503 0.01683471937264715 39
1718483249364 0.012944194887365614 40
1718483254923 0.014761646411248617 41
1718483260103 0.02610990192208971 42
1718483265518 0.012812256813049316 43
1718483271101 0.0 44
1718483279432 0.026012239711625234 45
1718483284940 0.11570764971630913 46
1718483290390 0.0 47
1718483295783 0.010691961539643151 48
