1714898648859 0.25604035146534443 0
1714898651526 0.16449759155511856 1
1714898654173 0.12322202324867249 2
1714898656956 0.10848533274838701 3
1714898663419 0.07304688356816769 4
1714898666361 0.08591958228498697 5
1714898669090 0.07781747542321682 6
1714898671759 0.10393420979380608 7
1714898677528 0.06947804987430573 8
1714898680190 0.10177368484437466 9
1714898682891 0.053021614789031446 10
1714898685943 0.03631024423521012 11
1714898691646 0.05987707059830427 12
1714898694240 0.04035351984202862 13
1714898696913 0.044506454723887146 14
1714898699780 0.05949546303600073 15
1714898705901 0.04292280785739422 16
1714898708435 0.043161990121006966 17
1714898710993 0.03884320147335529 18
1714898713706 0.03795286640524864 19
1714898719287 0.039241231977939606 20
1714898721926 0.03786664630752057 21
1714898724473 0.045127032324671745 22
1714898727176 0.04341947287321091 23
1714898733790 0.06977748312056065 24
1714898736717 0.0209611322497949 25
1714898739632 0.0291586983948946 26
1714898742133 0.03961600421462208 27
1714898747934 0.06080417335033417 28
1714898750547 0.05474733281880617 29
1714898753095 0.020631635561585426 30
1714898755661 0.03932029381394386 31
1714898761629 0.057933492586016655 32
1714898764124 0.05348394066095352 33
1714898766882 0.04565513879060745 34
1714898769536 0.03929242864251137 35
1714898775439 0.011989587917923927 36
1714898778272 0.02215445414185524 37
1714898780939 0.02778126299381256 38
1714898783485 0.05190759338438511 39
1714898789760 0.023315388709306717 40
1714898792646 0.013974856585264206 41
1714898795291 0.011510161682963371 42
1714898798058 0.02900348836556077 43
1714898803911 0.015571115538477898 44
1714898806977 0.028081847354769707 45
1714898809784 0.05756461061537266 46
1714898812636 0.032061999663710594 47
1714898818366 0.02323131635785103 48
1714898820953 0.01784031977877021 49
1714898823829 0.01872771978378296 50
1714898826295 0.024707922129891813 51
1714898832131 0.02102366928011179 52
1714898834905 0.027289310470223427 53
1714898837601 0.03183557651937008 54
1714898840708 0.014968513511121273 55
1714898846840 0.007256470620632172 56
1714898849511 0.030678046867251396 57
1714898852105 0.02377336472272873 58
1714898855014 0.017044682521373034 59
1714898860943 0.0029608793556690216 60
1714898863584 0.02272189036011696 61
1714898866476 0.023670533671975136 62
1714898869626 0.004639826714992523 63
1714898875961 0.01324494183063507 64
1714898878702 0.008459620177745819 65
1714898881552 0.012959714978933334 66
1714898884373 0.0291737113147974 67
1714898890437 0.03694837540388107 68
1714898893297 0.008030232042074203 69
1714898896193 0.015695976093411446 70
1714898898821 0.019011193420737982 71
1714898905040 0.02821391448378563 72
1714898907796 0.0257820887491107 73
1714898910534 0.01508324321184773 74
1714898913363 0.019296856597065926 75
1714898919375 0.017191903665661812 76
1714898922208 0.034062255872413516 77
1714898925244 0.01888919435441494 78
1714898928173 0.012286884855711833 79
1714898934526 0.002626810222864151 80
1714898937736 0.02641422674059868 81
1714898940740 0.007434731349349022 82
1714898943809 0.028301989659667015 83
1714898950041 0.015829946845769882 84
1714898952740 0.025047069415450096 85
1714898955656 0.034331110306084156 86
1714898958484 0.021860338747501373 87
1714898964494 0.01944687031209469 88
1714898967512 0.030972886830568314 89
1714898970542 0.004654772579669952 90
1714898973362 0.017615425400435925 91
1714898980143 0.007515452802181244 92
1714898983223 0.020738527178764343 93
1714898986292 0.019376209005713463 94
1714898989214 0.0049928948283195496 95
