1714832753721 0.5199728645384312 0
1714832756196 0.2775037884712219 1
1714832759036 0.2108556032180786 2
1714832761807 0.21196742542088032 3
1714832767224 0.16817196365445852 4
1714832769732 0.18798703886568546 5
1714832772405 0.14318178221583366 6
1714832775115 0.12021518871188164 7
1714832781356 0.1671495009213686 8
1714832784320 0.09390608128160238 9
1714832787266 0.10138935223221779 10
1714832790093 0.10130218230187893 11
1714832795936 0.09702291525900364 12
1714832798851 0.1049555167555809 13
1714832801500 0.10444956924766302 14
1714832804135 0.08473570551723242 15
1714832810374 0.11353390477597713 16
1714832812891 0.07809458114206791 17
1714832815732 0.12117159832268953 18
1714832818431 0.10325128957629204 19
1714832824160 0.04888898599892855 20
1714832826829 0.06463158101541921 21
1714832829495 0.07205901725683361 22
1714832832167 0.08866648748517036 23
1714832837826 0.04798388481140137 24
1714832840525 0.08232462871819735 25
1714832843136 0.069073679856956 26
1714832845737 0.09831688459962606 27
1714832851592 0.06967729981988668 28
1714832854409 0.0823124973103404 29
1714832857170 0.09447550214827061 30
1714832859734 0.052348724100738764 31
1714832865661 0.04744146205484867 32
1714832868531 0.06249874085187912 33
1714832871342 0.07032671943306923 34
1714832874203 0.09049461409449577 35
1714832880295 0.09108147537335753 36
1714832883420 0.08485967095475644 37
1714832886062 0.057710845954716206 38
1714832888795 0.052464017644524574 39
1714832894774 0.05890619941055775 40
1714832897292 0.07484700996428728 41
1714832900077 0.05303249787539244 42
1714832902993 0.07713607419282198 43
1714832909241 0.06189720705151558 44
1714832912053 0.04137710761278868 45
1714832914972 0.10100300470367074 46
1714832917826 0.07446978986263275 47
