1718474591097 0.19703006212200438 0
1718474597043 0.09236884755747658 1
1718474603263 0.15348438173532486 2
1718474609903 0.12137035493339811 3
1718474616534 0.10795988142490387 4
1718474626338 0.10373381631714958 5
1718474632049 0.07428045012056828 6
1718474638059 0.18831035707678115 7
1718474644033 0.07508109084197453 8
1718474650538 0.04433865419455937 9
1718474663809 0.07358841598033905 10
1718474670396 0.05158396703856332 11
1718474676738 0.0907156520656177 12
1718474682880 0.06116182889257159 13
1718474688820 0.06546627091509956 14
1718474699078 0.0770298418189798 15
1718474705056 0.1007930657693318 16
1718474711112 0.07319060393742152 17
1718474717161 0.06394343078136444 18
1718474722764 0.048816523381641934 19
1718474733033 0.037752432482583184 20
1718474738941 0.06694542723042625 21
1718474745510 0.09440686447279793 22
1718474751315 0.13035693338939122 23
1718474757158 0.10776250277246747 24
1718474767452 0.04284173782382693 25
1718474773641 0.039639005703585486 26
1718474779690 0.04255995580128261 27
1718474785442 0.07194774810756956 28
1718474791530 0.0697870169367109 29
1718474802762 0.03293192386627197 30
1718474809526 0.06393718506608691 31
1718474815753 0.07257955627782005 32
1718474822324 0.03792551798479898 33
1718474828575 0.047527475016457696 34
1718474838918 0.08703485769884926 35
1718474845220 0.029433142926011766 36
1718474851319 0.050270331757409234 37
1718474857725 0.03687800360577447 38
1718474863877 0.04258432212684836 39
1718474877706 0.03839548038584845 40
1718474884011 0.04149909743240902 41
1718474889730 0.041386544704437256 42
1718474896153 0.06434931286743709 43
1718474902146 0.052417696586677005 44
1718474912542 0.127595776958125 45
1718474918719 0.020042914365019118 46
1718474924670 0.012840134756905692 47
