1718495239385 0.1480932980775833 0
1718495258708 0.0905827698963029 1
1718495277266 0.07387592843068498 2
1718495296703 0.11121362021991185 3
1718495315461 0.05165405518242291 4
1718495341099 0.052458965352603366 5
1718495360203 0.06552314013242722 6
1718495378763 0.07610159048012324 7
1718495403273 0.023027815456901277 8
1718495422751 0.08090906483786446 9
1718495448271 0.03040361138326781 10
1718495467659 0.04129882848688534 11
1718495486763 0.014924661389419011 12
1718495505473 0.01979373289006097 13
1718495524294 0.03064275107213429 14
1718495549602 0.04885759949684143 15
1718495570233 0.02511932541217123 16
1718495590000 0.03377455685819898 17
1718495609319 0.014003149100712367 18
1718495629709 0.06554483196565083 19
1718495656700 0.04292412847280502 20
1718495677875 0.02061686558382852 21
1718495698537 0.005917828530073166 22
1718495718274 0.028317523321935108 23
1718495738843 0.03100613078900746 24
1718495766708 0.034102585698877065 25
1718495786644 0.01650856009551457 26
1718495807089 0.027893449578966414 27
1718495826802 0.014426989746945245 28
1718495846821 0.011658549308776855 29
1718495874705 0.010913651436567307 30
1718495894624 0.01996872361217226 31
1718495915367 0.01838760344045503 32
1718495935436 0.0025301831109183176 33
1718495955536 0.009006649255752563 34
1718495983126 0.017618003700460707 35
1718496003655 0.013672224112919398 36
1718496023580 0.03429861579622541 37
1718496044090 0.008187198213168554 38
1718496064694 0.03557233405964715 39
1718496091777 0.0186521623815809 40
1718496111580 0.006003256355013166 41
1718496131253 0.025987853961331502 42
1718496150647 0.022673904363598143 43
