1734119583232 0.0746986230628358 0
1734119600097 0.06450623501506117 1
1734119616604 0.026240918164451916 2
1734119632801 0.036070134904649526 3
1734119649245 0.0517978439004057 4
1734119681713 0.061665273801837533 5
1734119697862 0.010903371601468988 6
1734119714196 0.08877806603494617 7
1734119730313 0.037559478647179075 8
1734119746444 0.036270084894365735 9
1734119779122 0.023316065625598032 10
1734119795653 0.022758925126658544 11
1734119811860 0.0 12
1734119828221 0.026126777701493766 13
1734119844459 0.007702774471706814 14
1734119877199 0.12479062088661724 15
1734119893332 0.037245274573150605 16
1734119909803 0.005083556468081143 17
1734119926241 0.01965503373907672 18
1734119942394 0.007830151770677831 19
1734119974824 0.015643539528052013 20
1734119991074 0.006846180599596765 21
1734120007311 0.02158209102021323 22
1734120023807 0.011969438029660119 23
1734120040045 0.027239445941328693 24
1734120072695 0.016658059424824186 25
1734120090138 0.01629499573674467 26
1734120107088 0.021210321665017143 27
1734120123781 0.022044724474350613 28
1734120140392 0.02786489162180159 29
1734120173981 0.034349683879150286 30
1734120190799 0.005389204869667689 31
1734120207325 0.0 32
1734120223722 0.005445515529976951 33
1734120245310 0.012827917105621763 34
1734120284323 0.018331262800428603 35
1734120301226 0.011523012744469775 36
1734120317326 0.005431581495536698 37
1734120332938 0.022221379965129826 38
1734120348258 0.031990321146117315 39
1734120379688 0.0 40
1734120395856 0.018748164590862062 41
1734120411238 0.0 42
1734120426677 0.0 43
1734120441891 0.012274941351885596 44
1734120472905 0.020777984625763364 45
1734120488703 0.00727499421272013 46
1734120504339 0.008740619652801089 47
1734120519877 0.012358400556776259 48
1734120535575 0.021044077558649912 49
