1734097684457 0.9653184943728976 0
1734097705125 0.8477355241775513 1
1734097724789 0.6513072550296783 2
1734097744613 0.547271235121621 3
1734097764085 0.4233536488480038 4
1734097803479 0.36000609066751266 5
1734097823354 0.31507067133982974 6
1734097842779 0.2885433915588591 7
1734097863153 0.22779848178227743 8
1734097882436 0.23672010004520416 9
1734097921074 0.2063416830367512 10
1734097940529 0.20307225940956009 11
1734097960345 0.1683291279607349 12
1734097980257 0.14541615256004864 13
1734097999950 0.19031202089455393 14
1734098038314 0.11894347932603624 15
1734098057860 0.1087541716794173 16
1734098077671 0.11591687570843431 17
1734098097056 0.1176705677062273 18
1734098116228 0.11718137893411848 19
1734098153394 0.14111621201866204 20
1734098172574 0.13766024427281487 21
1734098191792 0.11312583171659046 22
1734098210975 0.10947336339288288 23
1734098231667 0.09694932483964497 24
1734098269882 0.09822438584847583 25
1734098293237 0.0830429546121094 26
1734098317636 0.09855464638935195 27
1734098342051 0.0808950937870476 28
1734098367085 0.05564792516330878 29
1734098415920 0.0523224129445023 30
1734098442172 0.10121699132853085 31
1734098468787 0.06139269926481777 32
1734098495806 0.0805614950756232 33
1734098521924 0.05300596791009108 34
1734098568021 0.025889486954030063 35
1734098588800 0.05341985262930393 36
