1716626956158 0.1956952682563237 0
1716626974059 0.07315848980631147 1
1716626991834 0.08675016356366021 2
1716627009529 0.13809434856687272 3
1716627027081 0.1355514121907098 4
1716627063189 0.19284972974232265 5
1716627081308 0.1023745323930468 6
1716627099559 0.07016026547976903 7
1716627117399 0.06837453160967145 8
1716627135674 0.06423074432781764 9
1716627171809 0.11301990279129573 10
1716627190210 0.02124857476779393 11
1716627208281 0.0720221655709403 12
1716627227256 0.07574377528258733 13
1716627245957 0.06563977298459836 14
1716627283661 0.024523032563073293 15
1716627302349 0.07066862710884639 16
1716627321448 0.04249196606022971 17
1716627339804 0.044741302728652954 18
1716627359542 0.028003092323030745 19
1716627396332 0.031860023736953735 20
1716627416678 0.03433904583965029 21
1716627437120 0.038645033325467794 22
1716627455946 0.0685688214642661 23
1716627473719 0.008655624730246407 24
1716627513927 0.06515547313860484 25
1716627532804 0.10738766619137355 26
1716627553108 0.06325534198965345 27
1716627571259 0.08017221093177795 28
1716627589663 0.06096336245536804 29
1716627627605 0.05386898985930851 30
1716627646320 0.030493725623403276 31
1716627664864 0.03255630497421537 32
1716627683000 0.049209992800440104 33
1716627701287 0.0017973482608795166 34
1716627738984 0.08142621176583427 35
1716627758029 0.09424376700605665 36
1716627776686 0.03277723491191864 37
1716627794690 0.0571939264025007 38
1716627812977 0.08064159750938416 39
1716627851039 0.04725407063961029 40
1716627869575 0.0015395581722259521 41
1716627887938 0.0784169009753636 42
1716627906452 0.03219059748308999 43
1716627925491 0.0417965693133218 44
1716627963073 0.04980174771377018 45
1716627981395 0.041155881115368435 46
1716628000191 0.008184096642902918 47
1716628019599 0.024591192603111267 48
