1718497104928 0.3005506375006267 0
1718497109679 0.20082710470472062 1
1718497115639 0.14098039269447327 2
1718497120655 0.11165011354855128 3
1718497125584 0.17735616437026433 4
1718497133706 0.14404300919600896 5
1718497138337 0.06514275180441993 6
1718497143282 0.08156481385231018 7
1718497147961 0.07576056037630353 8
1718497152420 0.1413588204554149 9
1718497160685 0.07330566644668579 10
1718497165404 0.08261747764689582 11
1718497169836 0.08215262315102986 12
1718497174772 0.06656645025525774 13
1718497180222 0.04851083031722477 14
1718497188529 0.035425856709480286 15
1718497193733 0.1213141360453197 16
1718497198510 0.07959645135062081 17
1718497203674 0.06943578379494804 18
1718497208802 0.023437021034104482 19
1718497217002 0.09094705964837756 20
1718497222017 0.07952120048659188 21
1718497226763 0.09177376649209432 22
1718497231641 0.0924794567482812 23
1718497236333 0.024959264057023183 24
1718497245229 0.18932503461837769 25
1718497250162 0.13851505198648997 26
1718497255128 0.10923157313040324 27
1718497260581 0.08930085280111857 28
1718497265924 0.118250986295087 29
1718497275448 0.19214648540530885 30
1718497280484 0.0435828971011298 31
1718497285748 0.05761454786573138 32
1718497290546 0.14326063437121256 33
1718497295208 0.028822098459516252 34
1718497303757 0.06306224422795433 35
1718497308470 0.03247033804655075 36
1718497313437 0.026870822267872945 37
1718497318179 0.06816221986498151 38
1718497323708 0.1620368936232158 39
1718497331911 0.04059818387031555 40
1718497336667 0.033558759306158335 41
1718497341449 0.03499969414302281 42
1718497345906 0.053127725209508626 43
1718497352065 0.026867098041943142 44
1718497361052 0.06824590052877154 45
1718497365739 0.0539555698633194 46
1718497370849 0.04585356691053936 47
1718497375839 0.020026591207299913 48
1718497380853 0.10230462998151779 49
1718497389349 0.0555910308446203 50
1718497394473 0.08901348071438926 51
1718497399590 0.06014603589262281 52
1718497404193 0.08555949266467776 53
1718497408735 0.07801632902451924 54
1718497416980 0.034983734999384196 55
1718497421662 0.039864382573536465 56
1718497426609 0.04199728263275964 57
1718497431347 0.037766492792538235 58
1718497436055 0.01909232246024268 59
1718497444622 0.014847165771893092 60
1718497449940 0.08202198254210609 61
1718497455174 0.0023632475308009555 62
1718497459899 0.05086737658296313 63
1718497464404 0.03895762775625501 64
1718497473063 0.05046476423740387 65
1718497478177 0.01489486119576863 66
1718497482640 0.0053598880767822266 67
1718497487602 0.033467690859522135 68
1718497492408 0.0638883433171681 69
1718497500602 0.09457207151821681 70
1718497505380 0.012439495750835963 71
1718497510279 0.056279506002153666 72
1718497515566 0.06009409895965031 73
1718497520412 0.009839717830930437 74
