1714751450312 0.5933072194457054 0
1714751469436 0.3535279780626297 1
1714751492715 0.23739638179540634 2
1714751513524 0.17646080628037453 3
1714751559178 0.18100341595709324 4
1714751581179 0.17430037446320057 5
1714751601571 0.10281913727521896 6
1714751622590 0.14973930548876524 7
1714751663313 0.15118905901908875 8
1714751683943 0.09568205242976546 9
1714751707894 0.09488892508670688 10
1714751732025 0.10643560905009508 11
1714751779658 0.13035797327756882 12
1714751801478 0.06644399743527174 13
1714751823447 0.09706358052790165 14
1714751845075 0.07956171780824661 15
1714751892594 0.0705680544488132 16
1714751913987 0.10934932436794043 17
1714751937558 0.11015644017606974 18
1714751963431 0.05288505181670189 19
1714752014983 0.08126327488571405 20
1714752035951 0.07418411923572421 21
1714752059324 0.10052541084587574 22
1714752081553 0.04858286492526531 23
1714752124779 0.05868316628038883 24
1714752148023 0.09591667354106903 25
1714752168942 0.0756570752710104 26
1714752191155 0.05015692301094532 27
1714752233317 0.06228255666792393 28
1714752256419 0.0849709864705801 29
1714752277943 0.0833814237266779 30
1714752299341 0.04728466644883156 31
