1744998209839 0.054813914828830294 0
1744998227071 0.07638104632496834 1
1744998242349 0.028095386922359467 2
1744998257471 0.0420856564047022 3
1744998291861 0.038777315989136696 4
1744998308228 0.04269282535339395 5
1744998324361 0.02397257291401426 6
1744998339773 0.025576300401654508 7
1744998371402 0.00045921182673838403 8
1744998386822 0.02334743060378565 9
1744998402498 0.01922409629656209 10
1744998418057 0.046963964899381004 11
1744998449696 0.0276659412516488 12
1744998465384 0.008472504508164194 13
1744998481025 0.023048118377725284 14
1744998496545 0.03877997791601552 15
