1734180822641 0.11462410787741344 0
1734180838034 0.03915497037168178 1
1734180853799 0.024818747019809153 2
1734180869494 0.0010085988841536972 3
1734180885603 0.034275139319813915 4
1734180917399 0.023302952241566446 5
1734180933052 0.012732452687083019 6
1734180948615 0.003006520111941629 7
1734180964012 0.011063619956581129 8
1734180979120 0.0013106222160988385 9
1734181010211 0.0064715807222657734 10
1734181025889 0.01038736754304005 11
1734181041792 0.01735999843933516 12
1734181056932 0.003849674119717545 13
1734181072636 0.008262713886021325 14
1734181104124 0.0017894992294410865 15
1734181119920 0.048469558358192444 16
1734181135336 0.023400041378206678 17
1734181150608 0.008563942172461085 18
1734181165732 0.017170915173159704 19
1734181197128 0.026900339354243543 20
1734181212740 0.009617735114362504 21
1734181228208 0.0031400786505805123 22
1734181243819 0.006742371556659539 23
1734181259453 0.00013258722093370225 24
1734181290610 0.021825948937071696 25
1734181305922 0.003340906567043728 26
1734181321166 0.0033000751864165068 27
1734181336184 4.176740427889551e-06 28
1734181351508 0.026888909077064857 29
1734181382518 0.015363693651225831 30
1734181398016 0.0069963051032068 31
1734181413426 0.03433685811857382 32
1734181428646 0.00534260728292995 33
1734181444119 0.008666479960083961 34
1734181474705 0.0008981669735577372 35
1734181489731 0.009499434795644548 36
1734181504724 0.0018888579474555121 37
1734181519732 0.002883637323975563 38
1734181535021 0.0020122352159685558 39
1734181565615 0.011115913331094716 40
1734181580558 0.007538424804806709 41
1734181595500 0.003791429516341951 42
1734181610475 0.009212961834337976 43
1734181625593 0.021106342112438545 44
1734181657334 0.0052901992781294715 45
1734181672619 0.005987891241804593 46
1734181687735 0.0011906446889042854 47
1734181702754 0.017331590875983238 48
1734181718206 0.003725025337189436 49
1734181749602 0.0024501923989090654 50
1734181764798 0.002236966664592425 51
1734181780099 0.0 52
1734181795095 0.015615127152866788 53
1734181810243 0.0 54
1734181840795 0.01315344725218084 55
