1734115668114 0.3474421401818593 0
1734115683809 0.26370036519236034 1
1734115698773 0.19588964184125265 2
1734115714096 0.23610815405845642 3
1734115730387 0.31958645664983326 4
1734115762575 0.19239190303617054 5
1734115777418 0.22374996625714832 6
1734115792215 0.09574368513292736 7
1734115806944 0.16156720204485786 8
1734115821819 0.1493700777904855 9
1734115852864 0.13784427185439402 10
1734115868703 0.1456116218533781 11
1734115883931 0.1204158253967762 12
1734115898565 0.11545916087925434 13
1734115913294 0.18231379075182808 14
1734115944702 0.14543993191586602 15
1734115959546 0.08426615533729394 16
1734115974563 0.08706124168303278 17
1734115989347 0.07399438983864254 18
1734116005053 0.12107850859562556 19
1734116035502 0.17746253984255922 20
1734116050303 0.13280958009676802 21
1734116065488 0.13307400409960085 22
1734116080843 0.09609625752394398 23
1734116095590 0.11957093007448646 24
1734116126183 0.11678080798851119 25
1734116141009 0.09742029942572117 26
1734116155902 0.09306657479868995 27
1734116170740 0.14174654277869397 28
1734116185884 0.09921564741267098 29
1734116217605 0.09048795596592957 30
1734116232825 0.08354171613852183 31
1734116247725 0.04439616182612048 32
1734116262440 0.17202402056298322 33
1734116277088 0.0949785349269708 34
1734116307431 0.04382264195010066 35
1734116322216 0.12048335414793757 36
1734116336972 0.049223250864694514 37
1734116351675 0.09417416403690974 38
1734116366627 0.06862011427680652 39
1734116396826 0.11953779309988022 40
1734116412264 0.06511670557989015 41
1734116427028 0.08428829121920797 42
1734116441934 0.07105157136296232 43
1734116456578 0.0820257033014463 44
1734116486932 0.07493189808317563 45
1734116501494 0.14233621706565222 46
1734116516198 0.06594594676668446 47
1734116531138 0.09969576975951593 48
1734116546380 0.052791585938798055 49
1734116577140 0.05032349957360162 50
1734116591840 0.06284317394925489 51
1734116606703 0.06876816062463655 52
1734116621854 0.08563887433976763 53
1734116637053 0.049534991590513125 54
