1718476630956 0.5696008673736027 0
1718476641093 0.3481205382517406 1
1718476651378 0.22448627650737762 2
1718476661616 0.20596735605171748 3
1718476671425 0.17004400278840745 4
1718476687511 0.23702668505055563 5
1718476697383 0.17379689855234964 6
1718476707081 0.15929854395134108 7
1718476717122 0.0902319848537445 8
1718476727146 0.1549501759665353 9
1718476742929 0.15039766260555812 10
1718476752743 0.1111626433474677 11
1718476762687 0.10679139835493905 12
1718476772596 0.08314158980335508 13
1718476782532 0.10440893045493535 14
1718476800483 0.14183895609208516 15
1718476810193 0.08034394681453705 16
1718476820424 0.10011075330632073 17
1718476830689 0.06301977166107722 18
1718476840976 0.033399488244737895 19
1718476856590 0.07274748278515679 20
1718476867070 0.03015412070921489 21
1718476877554 0.06028798541852406 22
1718476887819 0.050394260457583835 23
1718476897759 0.059898357306207926 24
1718476914710 0.07008942642382213 25
1718476924726 0.05601033355508532 26
1718476934972 0.01821060691561018 27
1718476945335 0.10189753557954516 28
1718476955141 0.0745072215795517 29
1718476972298 0.03807979556066649 30
1718476982578 0.10538237222603389 31
1718476992676 0.035516564335141866 32
1718477002899 0.08398602157831192 33
1718477012901 0.08819326545510973 34
1718477028302 0.01719188690185547 35
1718477039251 0.0795252610530172 36
1718477052293 0.08111483923026494 37
1718477062469 0.03558236892734255 38
1718477072410 0.023753668580736433 39
1718477087686 0.039778929735933034 40
1718477097559 0.022588989564350674 41
1718477107938 0.0526423454284668 42
1718477118258 0.03114636774574007 43
1718477128550 0.024499758013657162 44
1718477144069 0.027269693357603892 45
1718477154168 0.052282030028956275 46
1718477164055 0.05182198754378727 47
1718477174853 0.055600443588835854 48
1718477185132 0.029648749956062863 49
1718477200879 0.10593574387686593 50
1718477212246 0.04338194642748151 51
1718477222380 0.0354755733694349 52
1718477232426 0.06240920616047723 53
1718477242576 0.08224948655281748 54
1718477262597 0.03638474430356707 55
1718477273328 0.04219977876969746 56
1718477283542 0.026436864265373776 57
1718477295864 0.024932282311575755 58
1718477306414 0.06445139859403883 59
1718477321893 0.0621747225522995 60
1718477332156 0.021914609840938022 61
1718477341975 0.019920157534735545 62
1718477351936 0.017475586384534836 63
1718477361929 0.06125420757702419 64
1718477378029 0.05617513507604599 65
1718477397782 0.05021277815103531 66
1718477407873 0.023949023868356432 67
1718477417734 0.0399701435651098 68
1718477428203 0.031327800026961734 69
1718477444418 0.028681627341679165 70
1718477454158 0.06618041864463262 71
