1718498024821 0.28074605762958527 0
1718498030047 0.16110792330333165 1
1718498036000 0.05309957691601345 2
1718498041306 0.08732280454465322 3
1718498046998 0.058476688606398444 4
1718498056512 0.04990570034299578 5
1718498062264 0.09845486602612905 6
1718498067794 0.05815536422388894 7
1718498073108 0.04329757073095867 8
1718498078668 0.054931373468467166 9
1718498088369 0.053563015801565986 10
1718498094514 0.0471427994115012 11
1718498099829 0.0374561282140868 12
1718498105313 0.07344402692147664 13
1718498111119 0.04910976705806596 14
1718498120240 0.03322396746703556 15
1718498125788 0.017062030732631683 16
1718498131397 0.03582016910825457 17
1718498136674 0.05988003100667681 18
1718498142304 0.06980450025626592 19
1718498151558 0.03763539769819805 20
1718498157045 0.02970286671604429 21
1718498162732 0.03718500477927072 22
1718498168644 0.02065434626170567 23
1718498174022 0.06328612991741725 24
1718498183693 0.008740603923797607 25
1718498189413 0.03541478940418789 26
1718498194703 0.029627952192510878 27
1718498200441 0.02983440671648298 28
1718498206405 0.021211681621415273 29
1718498216787 0.03133741021156311 30
1718498222405 0.020161546766757965 31
1718498228085 0.05712672961609704 32
1718498234047 0.01959859366927828 33
1718498239687 0.01758077527795519 34
1718498249159 0.027288771101406643 35
1718498255015 0.03420457962368216 36
1718498260433 0.03658064135483333 37
1718498265536 0.05631539225578308 38
1718498270858 0.14860288266624724 39
1718498280936 0.02442545337336404 40
1718498286611 0.22024321343217576 41
1718498292348 0.05473794149500983 42
1718498298428 0.05918905032532556 43
1718498303775 0.06182768089430673 44
1718498315075 0.06422329800469535 45
1718498320781 0.031610648546900065 46
1718498326362 0.010929052318845476 47
1718498331620 0.06345371476241521 48
1718498336924 0.010450529200690133 49
1718498346335 0.05581766579832349 50
1718498351698 0.009072963680539812 51
1718498357260 0.010380426687853677 52
1718498362419 0.0037948574338640484 53
1718498368251 0.02226949163845607 54
1718498377617 0.015603442277227129 55
1718498383077 0.010760324341910226 56
1718498390079 0.01953489439828055 57
1718498395608 0.03936442519937243 58
1718498401276 0.016027197241783142 59
1718498410903 0.007435015269688198 60
1718498416133 0.011502721479960851 61
1718498421577 0.017611150230680193 62
1718498426637 0.013166912964412145 63
1718498432407 0.005254600729261126 64
