1734127008834 0.18713955933021176 0
1734127024628 0.04912506085303095 1
1734127040292 0.14278149232268333 2
1734127055744 0.0910806209883756 3
1734127071292 0.10648005207379659 4
1734127102321 0.10827597119431528 5
1734127117898 0.09686442940599388 6
1734127133309 0.09254950533310573 7
1734127149283 0.08393189419681828 8
1734127165677 0.14256201001505056 9
1734127198996 0.063946057524946 10
1734127216298 0.07270721139179336 11
1734127233700 0.033870335668325424 12
1734127250155 0.07449030358758238 13
1734127265958 0.05127373420529895 14
1734127297559 0.01213208654533244 15
1734127312686 0.09628335055377749 16
1734127327974 0.04084316071950727 17
1734127343046 0.08477797276443905 18
1734127358285 0.0780469456480609 19
1734127388756 0.043087673347650304 20
1734127404131 0.05435042931801743 21
1734127419743 0.04030855470854375 22
1734127435006 0.05344363669347432 23
1734127450275 0.09127920617659886 24
1734127480892 0.0892310920688841 25
1734127500149 0.044659216784768634 26
1734127515679 0.027183572037352458 27
1734127531235 0.03769999576939477 28
1734127546596 0.031251625468333565 29
1734127577549 0.033522003433770604 30
1734127593735 0.03674007848733001 31
1734127609671 0.01008606826265653 32
1734127625123 0.038894906950493656 33
1734127640440 0.035968983080238104 34
1734127671384 0.029074253824849922 35
1734127687738 0.04998706534711851 36
1734127703168 0.06995039091755946 37
1734127718412 0.0706797998605503 38
1734127733781 0.039271526866488986 39
1734127764538 0.0074294185679819845 40
1734127780454 0.027300009090039466 41
