1718530336414 0.15999786130019597 0
1718530387273 0.09805601835250854 1
1718530437207 0.09265696044479098 2
1718530487482 0.14543570365224565 3
1718530537492 0.0893825473529952 4
1718530599483 0.12912715119974955 5
1718530648725 0.1103983393737248 6
1718530699624 0.12745697370597295 7
1718530750168 0.35550756965364727 8
1718530799227 0.24756308964320592 9
1718530863795 0.1249411404132843 10
1718530915429 0.10639785176941327 11
1718530966480 0.13426001582826888 12
1718531017750 0.19645090401172638 13
1718531069321 0.05815176027161734 14
1718531134977 0.04735417451177325 15
1718531186376 0.07711298338004521 16
1718531237482 0.06600224439586912 17
1718531288311 0.03983981055872781 18
1718531339029 0.040215247975928445 19
1718531402369 0.017462911350386485 20
1718531452759 0.02289303285734994 21
1718531506966 0.1801633004631315 22
1718531557735 0.028137871197291782 23
1718531609219 0.06327461983476367 24
1718531672618 0.08221536236149925 25
1718531723980 0.05630638237510409 26
1718531774957 0.002857301916394915 27
1718531825691 0.059782788157463074 28
1718531876187 0.026651676212038313 29
1718531940896 0.08362680673599243 30
1718531993642 0.060770531850201745 31
1718532045023 0.07431642285415105 32
1718532096468 0.016886840973581587 33
1718532149675 0.05222812294960022 34
1718532216965 0.017730320138590678 35
1718532269485 0.08860699513128825 36
1718532321418 0.05483690542834146 37
1718532372851 0.031032782580171312 38
1718532423490 0.04931420300688062 39
1718532487139 0.0027282110282352994 40
1718532539104 0.02378603390284947 41
1718532593586 0.03569616164479937 42
1718532645200 0.041967545236860006 43
1718532696668 0.03920184927327292 44
1718532759547 0.033583598477499824 45
1718532811250 0.09165387919970922 46
1718532862146 0.08405723742076329 47
1718532913388 0.12035019270011357 48
1718532964472 0.15513596257993154 49
1718533027135 0.19961190223693848 50
1718533078239 0.06071279304368155 51
1718533128758 0.09730581726346697 52
1718533179591 0.08797164048467364 53
1718533230368 0.10776535740920476 54
1718533292227 0.05304595189435141 55
1718533342450 0.08779944692339216 56
1718533393269 0.059211290308407376 57
1718533442179 0.011462432997567313 58
1718533490559 0.07936022324221474 59
1718533552830 0.023286751338413784 60
1718533600856 0.18781981297901698 61
1718533649058 0.08529888093471527 62
1718533697126 0.16481785689081466 63
1718533744381 0.11918731033802032 64
1718533805349 0.026732576744897023 65
1718533854464 0.06254007135118757 66
1718533902698 0.052062075052942546 67
1718533951569 0.050530808312552314 68
1718533999943 0.017709272248404368 69
1718534066232 0.045143513807228634 70
1718534114973 0.03759092092514038 71
1718534164697 0.0060991815158299035 72
