1714835352587 0.4746266286820173 0
1714835355424 0.3688924126327038 1
1714835358052 0.2794464249163866 2
1714835360769 0.3490989934653044 3
1714835366561 0.19514228962361813 4
1714835369321 0.23257403075695038 5
1714835372034 0.18421120196580887 6
1714835374999 0.1747605325654149 7
1714835381185 0.10566936433315277 8
1714835383914 0.15954792499542236 9
1714835387009 0.12566416151821613 10
1714835389803 0.1580751920118928 11
1714835395825 0.08561640605330467 12
1714835398745 0.08457415248267353 13
1714835401690 0.10683808289468288 14
1714835404861 0.08945769257843494 15
1714835411025 0.10567854158580303 16
1714835413789 0.10265757795423269 17
1714835418767 0.09575949818827212 18
1714835421494 0.09484652243554592 19
1714835427853 0.11266166158020496 20
1714835430716 0.09389455243945122 21
1714835433909 0.08895133063197136 22
1714835437222 0.08656374737620354 23
1714835443757 0.08165090903639793 24
1714835446725 0.09075835649855435 25
1714835449767 0.06999767944216728 26
1714835452626 0.0633636238053441 27
1714835458935 0.056683994829654694 28
1714835461933 0.03229930601082742 29
1714835465203 0.06711900187656283 30
1714835468180 0.09370888723060489 31
1714835475274 0.053454913198947906 32
1714835478690 0.09117973037064075 33
1714835481952 0.0924561433494091 34
1714835485208 0.06205821596086025 35
1714835491983 0.07870196457952261 36
1714835494988 0.0663370992988348 37
1714835498121 0.05378686636686325 38
1714835501261 0.07147619314491749 39
1714835507499 0.07636686286423355 40
1714835510771 0.09773922525346279 41
1714835513949 0.04930251743644476 42
1714835517117 0.03701436519622803 43
1714835523632 0.07394191343337297 44
1714835526794 0.03416527807712555 45
1714835529861 0.041348844912135974 46
1714835534688 0.06537382118403912 47
1714835541248 0.056560853496193886 48
1714835544075 0.057652559131383896 49
1714835546994 0.02708613872528076 50
1714835550064 0.05119968764483929 51
1714835556670 0.05848385579884052 52
1714835559736 0.04833565279841423 53
1714835563032 0.03619697177782655 54
1714835566279 0.02802964858710766 55
1714835572730 0.0457841781899333 56
1714835575678 0.05895950086414814 57
1714835578772 0.047492791432887316 58
1714835581964 0.03499753400683403 59
1714835588389 0.014992764219641685 60
1714835591382 0.038945592008531094 61
1714835594651 0.02531221421668306 62
1714835597823 0.06898429617285728 63
