1715083738898 0.15766080003231764 0
1715083741613 0.09102382929995656 1
1715083743964 0.022529922891408205 2
1715083748457 0.051252083852887154 3
1715083754556 0.033511404413729906 4
1715083756925 0.02667880430817604 5
1715083759541 0.040359608829021454 6
1715083761863 0.04273008555173874 7
1715083767028 0.03821856342256069 8
1715083769315 0.044329773634672165 9
1715083772516 0.03568714112043381 10
1715083774868 0.041073392145335674 11
1715083780606 0.042944252490997314 12
1715083783129 0.05797461327165365 13
1715083785624 0.0624838937073946 14
1715083787996 0.035495148971676826 15
1715083793291 0.0281548872590065 16
1715083795641 0.04723565932363272 17
1715083798197 0.05495129432529211 18
1715083802127 0.05247253552079201 19
1715083807504 0.035938859917223454 20
1715083809752 0.031204834580421448 21
1715083812033 0.0268089072778821 22
1715083814380 0.03903018683195114 23
1715083819983 0.043151683174073696 24
1715083822566 0.012490136548876762 25
1715083824864 0.039875284070149064 26
1715083828615 0.0327892885543406 27
1715083834722 0.025351662188768387 28
1715083837246 0.019389508990570903 29
1715083839634 0.027021925896406174 30
1715083842582 0.0033932961523532867 31
1715083848164 0.009291752008721232 32
1715083850646 0.02380027249455452 33
1715083853632 0.01008259505033493 34
1715083856306 0.02303306944668293 35
1715083861672 0.02459194790571928 36
1715083864250 0.013644808903336525 37
1715083866738 0.028775623766705394 38
1715083869445 0.02779605216346681 39
1715083875057 0.016052280087023973 40
1715083877706 0.01625847816467285 41
1715083880248 0.01458762213587761 42
1715083882749 0.015457281842827797 43
1715083888129 0.0032536573708057404 44
1715083891319 0.013822950422763824 45
1715083893991 0.013757381588220596 46
1715083896635 0.028521686792373657 47
1715083902328 0.023657042533159256 48
1715083904941 0.01835278794169426 49
1715083907419 0.024317260831594467 50
1715083909891 0.023426610452588648 51
1715083915557 0.020023178309202194 52
1715083918111 0.011691685765981674 53
1715083920652 0.017045967280864716 54
1715083923428 0.012748010456562042 55
1715083929150 0.01405676081776619 56
1715083932060 0.014252688735723495 57
1715083934662 0.02121432009153068 58
1715083937389 0.016357559710741043 59
1715083943158 0.006574314087629318 60
1715083945713 0.024675988592207432 61
1715083948507 0.014656632556580007 62
1715083951355 0.016822360455989838 63
1715083957377 0.03929710201919079 64
1715083960461 0.014403904089704156 65
1715083963203 0.009793695993721485 66
1715083965917 0.01173529401421547 67
1715083972173 0.02488670381717384 68
1715083975184 0.012867579236626625 69
1715083978033 0.014164149761199951 70
1715083980678 0.013059968128800392 71
