1714755435815 0.38582911901175976 0
1714755453192 0.26474535651504993 1
1714755471522 0.1830178671516478 2
1714755491508 0.14665933419018984 3
1714755535223 0.10531059699133039 4
1714755555058 0.09308458934538066 5
1714755576555 0.07175908330827951 6
1714755599884 0.10741451662033796 7
1714755646269 0.08131921850144863 8
1714755667860 0.07577631250023842 9
1714755691628 0.06641188636422157 10
1714755714640 0.06607317551970482 11
1714755759019 0.07453439105302095 12
1714755779461 0.05058549204841256 13
1714755805096 0.05355984973721206 14
1714755826093 0.07401726208627224 15
1714755868550 0.08536935970187187 16
1714755889445 0.10734582133591175 17
1714755916859 0.05738854454830289 18
1714755936511 0.031183816492557526 19
1714755981038 0.04403252340853214 20
1714756006232 0.051275867503136396 21
1714756026836 0.030427291989326477 22
1714756047212 0.06160803511738777 23
1714756090896 0.04965776950120926 24
1714756116772 0.048519067000597715 25
1714756140107 0.0695562856271863 26
1714756165204 0.027743015438318253 27
1714756215988 0.017217151820659637 28
1714756237301 0.04750408139079809 29
1714756260916 0.024192141368985176 30
1714756286317 0.04943104390986264 31
