1715176696502 0.14814550110271998 0
1715176706177 0.11067644613129753 1
1715176716094 0.1213199645280838 2
1715176726473 0.11275573181254524 3
1715176736467 0.05814889073371887 4
1715176751664 0.08199621524129595 5
1715176762077 0.07140691844480378 6
1715176772394 0.0876585181270327 7
1715176782593 0.03595515659877232 8
1715176792448 0.047028803931815286 9
1715176807696 0.17581350143466676 10
1715176817102 0.07563006771462304 11
1715176826810 0.07152268077645983 12
1715176839414 0.043700369341032844 13
1715176849566 0.03854260700089591 14
1715176866443 0.012657318796430315 15
1715176876049 0.18510406570775167 16
1715176885767 0.05745380584682737 17
1715176895300 0.011427431234291621 18
1715176905313 0.08206665515899658 19
1715176920546 0.004065837178911481 20
1715176930478 0.07154518046549388 21
1715176940243 0.024164902312414988 22
1715176950403 0.03371072879859379 23
1715176962424 0.019140484077589854 24
1715176977868 0.061037853360176086 25
1715176988292 0.030817595975739614 26
1715176998076 0.031428124223436625 27
1715177008230 0.03664991685322353 28
1715177018239 0.04585366376808712 29
1715177033793 0.015587542738233293 30
1715177044213 0.055272365255015235 31
1715177053868 0.045229818139757426 32
1715177063816 0.024664785180773054 33
1715177074163 0.028903596103191376 34
1715177089257 2.2939273289271762e-05 35
1715177099067 0.04328334970133645 36
1715177108696 0.013835010784012931 37
1715177118454 0.025592483580112457 38
1715177128770 0.0019889133317129953 39
1715177144219 0.051072114280291965 40
1715177154445 0.05620974089418139 41
1715177164666 0.01255623996257782 42
1715177175198 0.0 43
1715177185194 0.04255401236670358 44
1715177200442 0.09791260957717896 45
1715177210119 0.04252011861119952 46
1715177221610 0.05130752495356968 47
1715177234790 0.03720736077853611 48
1715177244999 0.03224134338753564 49
1715177260035 0.003973228590829032 50
1715177270212 0.033783946718488424 51
1715177280471 0.036574359451021464 52
1715177291293 0.010734962565558297 53
1715177301816 0.016054017203194753 54
1715177316650 0.0317595899105072 55
1715177326714 0.018201044627598355 56
1715177336574 0.0 57
