1734178676672 0.04873303034239345 0
1734178692289 0.049457046720716685 1
1734178707317 0.035976250707689256 2
1734178722101 0.0048493015476399 3
1734178736868 0.01203364816804727 4
1734178766901 0.017448461200628016 5
1734178781764 0.01108621640337838 6
1734178796658 0.005656975114511119 7
1734178811093 0.02509322179442582 8
1734178826068 0.0005061273049149248 9
1734178856429 0.02020613311065568 10
1734178871558 0.028414398845699098 11
1734178886245 0.0 12
1734178900907 0.018237251374456618 13
1734178915314 0.0 14
1734178945204 0.010963802251757847 15
1734178959925 0.010716950676093498 16
1734178975218 0.008161271042707894 17
1734178990405 0.00016111797756618925 18
1734179005460 0.011911418909827868 19
1734179036092 0.0065832049068477415 20
1734179051008 0.00466156005859375 21
1734179065543 0.0004933763605852922 22
1734179080182 0.0 23
1734179094762 0.0019925435384114585 24
1734179126056 0.002710307016968727 25
1734179141504 0.0 26
1734179156276 0.0045512340859406525 27
1734179171495 0.009840611989299456 28
1734179187030 0.001383445846537749 29
1734179219799 0.0005400534072476956 30
1734179236883 0.013954391909970177 31
1734179252376 0.0 32
1734179268494 0.005307833353678386 33
1734179283725 0.003694295883178711 34
1734179314918 0.0 35
1734179329877 0.0046356430070267785 36
1734179346319 0.0 37
1734179361589 0.0 38
1734179377390 0.007909448196490606 39
1734179408370 0.0007539325290256076 40
1734179423448 0.0 41
1734179438500 0.00202080938551161 42
1734179453422 0.005533748047633303 43
1734179468721 0.0 44
1734179498982 0.011121008338199722 45
1734179514996 0.0 46
1734179532086 0.0 47
1734179547204 0.0025311487002505195 48
1734179562355 0.0033001810726192263 49
1734179592993 0.003722031911214193 50
1734179608402 0.005737110558483336 51
1734179624600 0.01754797829522027 52
1734179639613 0.007805705018755462 53
1734179654505 0.0 54
1734179685338 0.008151063281628821 55
