1718498449017 0.5083496357713427 0
1718498456271 0.26873851673943655 1
1718498463317 0.18465026787349156 2
1718498472427 0.10752924318824496 3
1718498480649 0.07015645716871534 4
1718498491662 0.0846343647156443 5
1718498498505 0.08080836704799108 6
1718498505305 0.0872281204376902 7
1718498512018 0.0921717429799693 8
1718498518301 0.06185626717550414 9
1718498529316 0.04957156947680882 10
1718498535975 0.1099875516125134 11
1718498542701 0.06860652033771787 12
1718498549116 0.056672364473342896 13
1718498555743 0.021384681974138533 14
1718498566807 0.02841361186334065 15
1718498573539 0.05064066393034799 16
1718498579967 0.058757766016892025 17
1718498586700 0.03767680110675948 18
1718498593366 0.04888313157217843 19
1718498604769 0.014366842274154936 20
1718498611423 0.02694160970193999 21
1718498617841 0.06557762729270118 22
1718498624620 0.06366515053170067 23
1718498632312 0.006692581943103245 24
1718498643375 0.01898452000958579 25
1718498649876 0.023643787418093 26
1718498656372 0.015050993434020452 27
1718498662836 0.009399709956986564 28
1718498669091 0.0367593988776207 29
1718498679709 0.03140472620725632 30
1718498686306 0.031079891536917006 31
1718498693134 0.016573545522987843 32
1718498699684 0.014388861932924815 33
1718498707537 0.025781802833080292 34
1718498718182 0.030750668474606106 35
1718498724546 0.02996195320572172 36
1718498731315 0.026569087590490068 37
1718498737980 0.014365527246679579 38
1718498745663 0.002873916711126055 39
1718498756752 0.05102895413126264 40
1718498762971 0.0172306980405535 41
1718498769670 0.01210273163659232 42
1718498776119 0.004546957356589181 43
1718498782512 0.013316114033971514 44
1718498793515 0.02576215033020292 45
1718498801539 0.02963988482952118 46
1718498808421 0.014555907675198146 47
1718498814995 0.011377859860658646 48
1718498821746 0.01795141984309469 49
1718498834641 0.011111967265605927 50
1718498841538 0.017946401877062663 51
1718498848515 0.008885634796960014 52
1718498855591 0.0108891384942191 53
1718498862087 0.02180229446717671 54
1718498873145 0.009801881653921945 55
1718498879785 0.012188906116144997 56
1718498887225 0.03316031609262739 57
1718498893748 0.007506238562720162 58
1718498900182 0.01120692172220775 59
1718498912157 0.0031183319432394846 60
1718498918973 0.010539993643760681 61
1718498925632 0.013413378170558385 62
1718498932007 0.009123140679938453 63
1718498939114 0.016299980027335032 64
1718498950122 0.0029979561056409565 65
1718498956622 0.01017573316182409 66
1718498963278 0.00946295793567385 67
1718498970216 0.02194983884692192 68
1718498976592 0.014144861272403173 69
