1734182297978 1.2847085860040452 0
1734182318256 1.132987870110406 1
1734182337853 1.2071331474516127 2
1734182356729 1.2013091246287029 3
1734182375069 1.0766683220863342 4
1734182412917 1.2114803791046143 5
1734182432336 1.1672425998581781 6
1734182451641 1.138003985087077 7
1734182471171 1.0703442030482822 8
1734182490362 1.0646133422851562 9
1734182528076 1.013827833864424 10
1734182547925 0.9500813219282362 11
1734182567331 1.0576809379789565 12
1734182587100 1.0212892757521734 13
1734182606106 1.0456703901290894 14
1734182643697 1.0703437858157687 15
1734182662455 0.9975198043717278 16
1734182680936 0.8735553754700555 17
1734182701855 0.9465561840269301 18
1734182721073 0.8798752824465433 19
1734182757165 1.0030838913387723 20
1734182775203 0.9120037423239814 21
1734182793988 0.8987995651033189 22
1734182812971 0.8802593217955695 23
1734182831634 0.9147821929719713 24
1734182868564 0.8408491545253329 25
1734182886795 0.8412405914730496 26
1734182904860 0.8169349100854661 27
1734182923370 0.7764497068193223 28
1734182942106 0.7745205495092604 29
1734182979100 0.8385530710220337 30
1734182997845 0.7873552507824368 31
1734183021118 0.8101670609580146 32
1734183040421 0.812890973356035 33
1734183058896 0.8323721289634705 34
1734183095123 0.8547132677502103 35
1734183114385 0.7882735795444913 36
1734183133588 0.6938199831379784 37
1734183154266 0.8142359521653917 38
1734183173248 0.7852043973075019 39
1734183210157 0.7785725726021661 40
1734183228226 0.796858568986257 41
1734183247276 0.8032478822602166 42
1734183266490 0.767075326707628 43
1734183285439 0.744122776720259 44
1734183322802 0.7261673278278775 45
1734183341816 0.6904422806368934 46
1734183360502 0.7751539018419054 47
