1715064166954 0.34309869818389416 0
1715064170815 0.20012471359223127 1
1715064174706 0.11315323784947395 2
1715064178355 0.10704672988504171 3
1715064187489 0.08546352572739124 4
1715064191111 0.02947610290721059 5
1715064194972 0.06707844184711576 6
1715064199096 0.08652836340479553 7
1715064207004 0.02568548545241356 8
1715064211137 0.03494144044816494 9
1715064215176 0.044375530909746885 10
1715064219363 0.04308238951489329 11
1715064227800 0.04880853742361069 12
1715064232611 0.03756553865969181 13
1715064237081 0.018712325021624565 14
1715064241426 0.04286166187375784 15
1715064250032 0.04079244751483202 16
1715064254337 0.037736326456069946 17
1715064258704 0.07134559284895658 18
1715064263334 0.026795005425810814 19
1715064271971 0.023166276514530182 20
1715064276473 0.03385741636157036 21
1715064281888 0.017485225573182106 22
1715064286421 0.021219970658421516 23
1715064297011 0.032816861756145954 24
1715064301773 0.0286538228392601 25
1715064306518 0.0260038860142231 26
1715064311162 0.021199552342295647 27
1715064320558 0.022658340632915497 28
1715064325342 0.022917982190847397 29
1715064330147 0.008252997184172273 30
1715064335161 0.019572531804442406 31
1715064344577 0.061461688950657845 32
1715064349440 0.020760351791977882 33
1715064354520 0.010688176844269037 34
1715064359447 0.013907709624618292 35
1715064369268 0.010006532073020935 36
1715064374858 0.021149596199393272 37
1715064379803 0.017958616837859154 38
1715064385083 0.03056470863521099 39
1715064394664 0.0007550660520792007 40
1715064399342 0.010239841416478157 41
1715064404028 0.004948925226926804 42
1715064408799 0.009932298213243484 43
1715064419394 0.023603405337780714 44
1715064424622 0.03636985644698143 45
1715064430133 0.024060627445578575 46
1715064435289 0.01252397894859314 47
1715064445402 0.03216676227748394 48
1715064450428 0.02746124379336834 49
1715064455319 0.017426151782274246 50
1715064460771 0.02163873874815181 51
1715064470988 0.01698545180261135 52
1715064476304 0.03734304569661617 53
1715064481428 0.00049593485891819 54
1715064486299 0.005184125155210495 55
1715064495401 0.008272788894828409 56
1715064500092 0.00877346284687519 57
1715064506050 0.012385377660393715 58
1715064510851 0.01360870897769928 59
1715064521354 0.004563523456454277 60
1715064526274 2.0524486899375916e-05 61
1715064531189 0.0008452385663986206 62
1715064535980 0.009191105607897043 63
1715064545403 0.019705017562955618 64
1715064550414 0.015461351722478867 65
1715064555018 0.005414636805653572 66
1715064560010 0.0038799233734607697 67
1715064569504 0.019674540497362614 68
1715064574364 0.002153730019927025 69
1715064579354 0.008722372353076935 70
1715064584235 0.008821120485663414 71
1715064593343 0.019453363493084908 72
1715064598262 0.010272851213812828 73
1715064603059 0.0033578723669052124 74
1715064608168 0.004766577854752541 75
1715064617612 0.02406786594656296 76
1715064622661 0.005719689652323723 77
