1714816926596 0.4016180019825697 0
1714816949338 0.20777352899312973 1
1714816970811 0.16215277928858995 2
1714816991954 0.10315530461957678 3
1714817042035 0.12328052707016468 4
1714817063764 0.10732731223106384 5
1714817083568 0.08400672255083919 6
1714817106359 0.1378305172547698 7
1714817151510 0.09186893422156572 8
1714817173118 0.07686817646026611 9
1714817195729 0.06355694541707635 10
1714817216181 0.05083870816451963 11
1714817254903 0.06329715065658092 12
1714817276038 0.05183434672653675 13
1714817296888 0.12136533670127392 14
1714817316261 0.07445445470511913 15
1714817356266 0.06825992371886969 16
1714817379099 0.06519622076302767 17
1714817397678 0.06525183282792568 18
1714817417606 0.08078206516802311 19
1714817464593 0.036214868538081646 20
1714817485720 0.04973629675805569 21
1714817508758 0.05229700356721878 22
1714817530823 0.07812817208468914 23
1714817577028 0.047290545888245106 24
1714817596937 0.031688911840319633 25
1714817618383 0.041602631099522114 26
1714817640688 0.030470209196209908 27
1714817688428 0.03004976361989975 28
1714817709574 0.018807685002684593 29
1714817734397 0.03626555576920509 30
1714817755376 0.0524051645770669 31
1714817804397 0.04127932479605079 32
1714817825877 0.03923510434105992 33
1714817849223 0.053830143762752414 34
1714817870970 0.028960999101400375 35
1714817915466 0.058052423410117626 36
1714817941943 0.03645098768174648 37
1714817964751 0.05542392656207085 38
1714817987295 0.05167269706726074 39
1714818032360 0.045481810346245766 40
1714818054420 0.018656792119145393 41
1714818075795 0.04736797325313091 42
1714818099741 0.01957566663622856 43
1714818145574 0.03904058784246445 44
1714818167608 0.012090252712368965 45
1714818191493 0.029099375009536743 46
1714818215279 0.02297689951956272 47
