1714823113654 0.39474507980048656 0
1714823134466 0.1962720789015293 1
1714823152657 0.14156278036534786 2
1714823171792 0.09702841565012932 3
1714823209192 0.0990929240360856 4
1714823229973 0.0923261484131217 5
1714823251775 0.11107156332582235 6
1714823271846 0.07949926890432835 7
1714823313491 0.06042726617306471 8
1714823333635 0.08488719537854195 9
1714823353756 0.07663999684154987 10
1714823374132 0.08973689377307892 11
1714823415746 0.10161148011684418 12
1714823436286 0.04639841243624687 13
1714823459951 0.0719482647255063 14
1714823482915 0.03994261985644698 15
1714823526888 0.05234618857502937 16
1714823546754 0.0426982426433824 17
1714823569879 0.04123635031282902 18
1714823591273 0.052419692277908325 19
1714823634617 0.054855115711688995 20
1714823657382 0.05714878439903259 21
1714823678854 0.03373379819095135 22
1714823701858 0.03325446788221598 23
1714823744429 0.022805742919445038 24
1714823766551 0.05875594541430473 25
1714823790885 0.044298332650214434 26
1714823816256 0.0189495962113142 27
1714823864844 0.045735130086541176 28
1714823890530 0.044367718044668436 29
1714823914145 0.05993282049894333 30
1714823939763 0.04854346066713333 31
1714823986902 0.04097502410877496 32
1714824008089 0.057518173940479755 33
1714824034118 0.04185191076248884 34
1714824056710 0.03345084981992841 35
1714824104166 0.029564956203103065 36
1714824127547 0.03047090582549572 37
1714824150309 0.02517593977972865 38
1714824171233 0.04232958052307367 39
1714824222195 0.05312356539070606 40
1714824248828 0.0320051871240139 41
1714824271724 0.0352010652422905 42
1714824298031 0.05524064227938652 43
1714824346756 0.051852352917194366 44
1714824370914 0.052896641194820404 45
1714824394365 0.0378162523265928 46
1714824421237 0.03041475295322016 47
1714824470878 0.036652627401053905 48
1714824497918 0.05308391712605953 49
1714824520541 0.01663326285779476 50
1714824544782 0.027608659118413925 51
1714824595241 0.04632113128900528 52
1714824619293 0.0289862472563982 53
1714824647148 0.02476407401263714 54
1714824670128 0.018280175514519215 55
1714824715717 0.01672663912177086 56
1714824742917 0.017467278987169266 57
1714824764872 0.020023164339363575 58
1714824787053 0.055880509316921234 59
1714824836708 0.04003801755607128 60
1714824860371 0.03500422462821007 61
1714824885217 0.023051735013723373 62
1714824910679 0.0028452128171920776 63
