1718480264947 0.33712818580014364 0
1718480287971 0.2161430482353483 1
1718480311346 0.14477463279451644 2
1718480334052 0.2022267622607095 3
1718480357120 0.06740769956793104 4
1718480388817 0.10531195891754967 5
1718480410937 0.07432613162589925 6
1718480433459 0.11091862086738859 7
1718480456187 0.1656653338244983 8
1718480481408 0.10366586702210563 9
1718480514736 0.08292637978281293 10
1718480537730 0.056152014228116186 11
1718480560730 0.08007969600813729 12
1718480586873 0.07339860286031451 13
1718480609665 0.11271365519080843 14
1718480641127 0.09181420185736247 15
1718480663378 0.07302587585789817 16
1718480685594 0.061150593417031426 17
1718480708375 0.06333923659154347 18
1718480731645 0.04718551891190665 19
1718480770701 0.07357855141162872 20
1718480793922 0.03827558244977679 21
1718480816743 0.07479077577590942 22
1718480838769 0.04830632039478847 23
1718480860568 0.031676220042364936 24
1718480891811 0.08842356290136065 25
1718480916093 0.048879443534782956 26
1718480943505 0.08556914968150002 27
1718480966635 0.0686826663357871 28
1718480990945 0.06795207517487663 29
1718481025336 0.03815283998847008 30
1718481049854 0.0295395233801433 31
1718481072154 0.09503378825528282 32
1718481094899 0.05665385403803417 33
1718481117413 0.07583988990102496 34
1718481148886 0.041076465376785824 35
1718481172103 0.04972253314086369 36
1718481194557 0.01622540397303445 37
1718481216695 0.018598591642720357 38
1718481239147 0.02154650113412312 39
1718481272201 0.043187237211636136 40
1718481294696 0.03409337465252195 41
1718481317680 0.02720512236867632 42
1718481340598 0.03472063371113369 43
1718481363447 0.020354357148919786 44
1718481395700 0.014676661363669805 45
1718481418671 0.025511134948049272 46
1718481441829 0.022592350840568542 47
1718481465322 0.03278022791658129 48
1718481487360 0.03649428061076573 49
1718481518339 0.037729033402034214 50
1718481540750 0.012012532779148646 51
1718481563911 0.01855525587286268 52
1718481587252 0.017190100891249522 53
1718481610441 0.08328580324138914 54
1718481641051 0.013791215206895555 55
1718481664258 0.015986057264464244 56
1718481686678 0.04233623615333012 57
1718481709764 0.0427230458174433 58
1718481732612 0.04095926242215293 59
1718481763778 0.021450979369027273 60
1718481786477 0.017068164689200267 61
1718481808494 0.005778393575123378 62
1718481831652 0.04279073540653501 63
1718481854742 0.015405064182622092 64
1718481893163 0.024789896394525255 65
