1714756379436 0.3151968028396368 0
1714756402518 0.14662544056773186 1
1714756423721 0.1752439271658659 2
1714756444909 0.14050897769629955 3
1714756489767 0.08315565623342991 4
1714756511977 0.08021004125475883 5
1714756533420 0.07113051321357489 6
1714756561612 0.05581384524703026 7
1714756604973 0.08605387434363365 8
1714756628186 0.08247327245771885 9
1714756650719 0.05633717554155737 10
1714756674944 0.0692063681781292 11
1714756721998 0.0379617849830538 12
1714756744121 0.042983753606677055 13
1714756766464 0.04319353378377855 14
1714756791108 0.05540974251925945 15
1714756835249 0.05974415875971317 16
1714756858077 0.027014780789613724 17
1714756885378 0.0635923994705081 18
1714756908907 0.04659097455441952 19
1714756951716 0.022178562358021736 20
1714756975924 0.04343529650941491 21
1714756996367 0.03714544698596001 22
1714757018051 0.0393808837980032 23
1714757065832 0.06509436666965485 24
1714757092421 0.05705874413251877 25
1714757118551 0.04577120207250118 26
1714757146718 0.02112267553457059 27
1714757196645 0.07223769836127758 28
1714757221739 0.045193545520305634 29
1714757248326 0.042387429624795914 30
1714757272044 0.03932672739028931 31
