1718468274699 0.16198407219988958 0
1718468341327 0.11297547710793358 1
1718468412827 0.1436768216746194 2
1718468481220 0.12214627436229161 3
1718468544203 0.1669770942202636 4
1718468625620 0.10504758464438575 5
1718468694666 0.0411800497344562 6
1718468761697 0.04774908295699528 7
1718468827126 0.14963095209428243 8
1718468894415 0.024926027016980306 9
1718468976462 0.0788280586046832 10
1718469040718 0.057991581303732734 11
1718469105457 0.06553102071796145 12
1718469168167 0.07937141827174596 13
1718469231819 0.04142877778836659 14
1718469311175 0.03314167952963284 15
1718469374092 0.07260043759431158 16
1718469445392 0.036649840750864575 17
1718469514892 0.02973936072417668 18
1718469582436 0.01824748728956495 19
1718469670868 0.015594083283628737 20
1718469739376 0.00955302587577275 21
1718469807992 0.06535638549498149 22
1718469875740 0.08745940029621124 23
1718469943879 0.019850576562540873 24
1718470029963 0.04370947075741632 25
1718470101637 0.026108610842909132 26
1718470173196 0.02597855723329953 27
1718470241206 0.036705774920327325 28
1718470314479 0.004073019538606916 29
1718470400923 0.04224882913487298 30
1718470469539 0.020383716693946292 31
1718470538053 0.028582783149821416 32
1718470609405 0.030140836324010576 33
1718470678568 0.008378916553088598 34
1718470761824 0.07503984868526459 35
1718470834658 0.05655299765723092 36
1718470905906 0.03289736594472613 37
1718470973795 0.08339212888053485 38
1718471040867 0.0335968690259116 39
1718471125744 0.011237540415355138 40
1718471193232 0.031090321285384043 41
1718471260023 0.03177344213638987 42
1718471331445 0.02302699695740427 43
1718471403406 0.016322033745901927 44
1718471488624 0.039603576596294134 45
1718471556143 0.04490831175020763 46
1718471619865 0.009501351309674127 47
1718471682734 0.03415517828294209 48
1718471748516 0.03040140654359545 49
1718471829285 0.027559611946344376 50
1718471895403 0.00984140591961997 51
1718471960260 0.0071191319397517615 52
1718472024903 0.005525883287191391 53
1718472090616 0.041421628424099514 54
1718472171170 0.013397628175360816 55
