1755593398808 0.05252500002582868 0
1755593424391 0.043789982110158436 1
1755593447110 0.004528752010729577 2
1755593470287 0.013840127813940247 3
1755593509639 0.0026223306259554294 4
1755593527083 0.006429372009329705 5
1755593544855 0.006805155012342665 6
1755593562506 0.02674800819820828 7
1755593597190 0.007496101160844167 8
1755593614750 0.0019735273801618153 9
1755593633425 0.015586429379052587 10
1755593651045 0.004740776701105965 11
1755593687517 0.008710984968476825 12
1755593706290 0.005823091293374698 13
1755593724733 0.008020343362457223 14
1755593742874 0.017606863131125767 15
1755593779384 0.006840034905407164 16
1755593797199 0.005010110222631031 17
1755593814831 0.001465925429430273 18
