1715182765543 0.18988354184797832 0
1715182782734 0.12904307565518788 1
1715182799153 0.10480558233601707 2
1715182816014 0.04496146206344877 3
1715182832896 0.07687375215547425 4
1715182856212 0.15191042316811426 5
1715182872745 0.11143629040036883 6
1715182889606 0.046901186662060876 7
1715182906169 0.07763876020908356 8
1715182922474 0.08721457528216499 9
1715182947427 0.0424877724477223 10
1715182964164 0.07465646522385734 11
1715182981099 0.05662394740751812 12
1715182998268 0.01583376101085118 13
1715183015206 0.042089620871203284 14
1715183038752 0.08756858961922782 15
1715183055804 0.05658191868237087 16
1715183072730 0.02338959915297372 17
1715183092537 0.05280224659613201 18
1715183109560 0.0437236704996654 19
1715183132842 0.04528223616736276 20
1715183150113 0.016196935304573605 21
1715183167183 0.05930281111172268 22
1715183183785 0.05295334543500628 23
1715183199877 0.0665001677615302 24
1715183222547 0.042531754289354594 25
1715183239125 0.027370738131659373 26
1715183255510 0.03135402819940022 27
1715183272769 0.013997362128325872 28
1715183289528 0.06036323734692165 29
1715183312139 0.012246233011995043 30
1715183328590 0.0586271733045578 31
1715183345198 0.0397796556353569 32
1715183361860 0.040078150374548774 33
1715183378292 0.01961712752069746 34
1715183401309 0.06376624533108302 35
1715183418159 0.014731364590781075 36
1715183434196 0.03665404553924288 37
1715183450759 0.008819601365498133 38
1715183467434 0.017107204667159488 39
1715183490841 0.05775262734719685 40
1715183507643 0.02802198486668723 41
1715183524221 0.019274345466068814 42
1715183540686 0.03491846152714321 43
1715183557044 0.010899483625377928 44
1715183579793 0.01575888054711478 45
1715183596632 0.01034101311649595 46
1715183613321 0.0638625579220908 47
1715183629672 0.06635367231709617 48
1715183646527 0.08059592970779964 49
1715183669886 0.013967869537217277 50
1715183687239 0.06668757327965327 51
1715183703841 0.005137532949447632 52
1715183720487 0.01408220614705767 53
1715183736972 0.02752555693898882 54
1715183759986 0.014875052230698722 55
1715183776415 0.026172961507524763 56
1715183793137 0.010698190757206507 57
1715183809377 0.018976720316069468 58
1715183826613 0.012199176209313529 59
1715183849311 0.01056633676801409 60
1715183867733 0.014465753521238054 61
1715183884297 0.015595282827104841 62
1715183900798 0.017592579126358032 63
1715183917432 0.024738303252628872 64
1715183940378 0.013795119311128343 65
1715183956711 0.026389011314937046 66
1715183973290 0.0025865605899265836 67
1715183989713 0.003397822380065918 68
1715184006436 0.02962945188794817 69
1715184029489 0.011374184063502721 70
1715184046171 0.025914210293974196 71
1715184062663 0.05806347302028111 72
1715184079149 0.012785507099969047 73
1715184095852 0.006319126912525722 74
1715184118373 0.02309832509074892 75
1715184134957 0.006932675838470459 76
1715184151740 0.031047729509217397 77
1715184168460 0.012721800378390722 78
1715184184771 0.013641427670206343 79
1715184207777 0.006885954311915806 80
1715184224142 0.0038589409419468473 81
1715184241177 0.0057057397706168035 82
1715184257775 0.011758803256920405 83
1715184274264 0.00017950364521571567 84
1715184297461 0.006381422281265259 85
1715184314240 0.019680730998516083 86
1715184330819 0.018522068858146667 87
1715184347667 0.017658727509634837 88
1715184363983 0.008333227464130946 89
1715184388332 0.015460031373160226 90
1715184408138 0.03633362480572292 91
1715184425559 0.008635865790503365 92
1715184443680 0.00604519248008728 93
