1718489438525 0.29501443994896753 0
1718489490571 0.12283680800880704 1
1718489540388 0.06979365487183843 2
1718489590790 0.06310174401317324 3
1718489640516 0.03168310171791485 4
1718489705212 0.05058160849979946 5
1718489754675 0.03196382416146142 6
1718489805218 0.04220386913844517 7
1718489855723 0.039934005056108744 8
1718489904725 0.10102695545979909 9
1718489968434 0.05872370515550886 10
1718490017913 0.05467441465173449 11
1718490068828 0.03546612550105367 12
1718490119325 0.0411168390086719 13
1718490169241 0.02787876980645316 14
1718490233601 0.043805233602012904 15
1718490282863 0.037741627011980326 16
1718490335298 0.0388327246265752 17
1718490385157 0.025031186640262604 18
1718490435397 0.09313408604690007 19
1718490500812 0.05552775093487331 20
1718490549426 0.023429378334965025 21
1718490599040 0.016992212938410894 22
1718490648476 0.032076784542628696 23
1718490697281 0.046971595979162624 24
1718490762897 0.005796017391341073 25
1718490814687 0.014767390276704515 26
1718490864813 0.01134972061429705 27
1718490917766 0.012255762304578508 28
1718490968238 0.00509953498840332 29
1718491033992 0.019834978239876882 30
1718491082842 0.0145224928855896 31
1718491133662 0.028951019048690796 32
1718491186100 0.0066262515527861455 33
1718491235842 0.012583740055561066 34
1718491298263 0.010977166039603097 35
1718491348695 0.007349729537963867 36
1718491399603 0.01638198963233403 37
1718491450330 0.005438468285969326 38
1718491499747 0.0324328930250236 39
1718491564567 0.01666156841175897 40
1718491613633 0.018246800771781375 41
1718491664905 0.028898108218397413 42
1718491715505 0.02765618690422603 43
1718491763618 0.002399561660630362 44
1718491827619 0.0025205441883632113 45
1718491877879 0.012798285910061427 46
1718491930161 0.015327469578811101 47
1718491982371 0.0010751187801361084 48
1718492032505 0.016402500016348704 49
1718492098966 0.0060898661613464355 50
1718492150900 0.013291509023734502 51
1718492203824 0.02836594730615616 52
1718492256796 0.006180311952318464 53
1718492307952 0.007115863263607025 54
1718492375377 0.00636408690895353 55
1718492431639 0.10246424376964569 56
