1718492859241 0.46190889179706573 0
1718492867914 0.36016711379800526 1
1718492877376 0.1984384719814573 2
1718492885823 0.21827616649014608 3
1718492894960 0.19022022746503353 4
1718492908712 0.15353324796472276 5
1718492917234 0.2788155919739178 6
1718492925701 0.18385787840400422 7
1718492934186 0.15047696764980042 8
1718492942615 0.10400149332625526 9
1718492956056 0.07307754244123187 10
1718492964256 0.10764598846435547 11
1718492972731 0.08985895450626101 12
1718492981104 0.2811977544001171 13
1718492989507 0.12854862053479468 14
1718493003344 0.10854654546294894 15
1718493011477 0.13344551409993852 16
1718493019996 0.09549279830285481 17
1718493029055 0.07584230335695404 18
1718493037835 0.2010374856846673 19
1718493051461 0.05409506229417665 20
1718493060007 0.0635128623606371 21
1718493068115 0.07274004710572106 22
1718493076878 0.12703039443918637 23
1718493085214 0.06940876160349164 24
1718493099241 0.09057532995939255 25
1718493107382 0.0755803467971938 26
1718493116408 0.029426644423178265 27
1718493125115 0.09431070994053568 28
1718493133544 0.07355918735265732 29
1718493147213 0.0665076385651316 30
1718493155550 0.07063040563038417 31
1718493163816 0.09163862599858216 32
1718493172401 0.06425314396619797 33
1718493180950 0.07357698093567576 34
1718493195011 0.07252677104302815 35
1718493203212 0.04681767077584352 36
1718493211668 0.051155370260987966 37
1718493220529 0.08399638427155358 38
1718493229098 0.1115281166774886 39
1718493242976 0.0683964059821197 40
1718493253114 0.024894902748720988 41
1718493261508 0.09379665713225092 42
1718493269836 0.06872955177511487 43
1718493278583 0.022693859147174016 44
1718493291863 0.08634608185717038 45
1718493301017 0.08300248320613589 46
1718493309409 0.08050080388784409 47
1718493317730 0.05950819381645748 48
1718493326999 0.11604030536753791 49
1718493340837 0.05976556986570358 50
1718493350024 0.06247502192854881 51
1718493358523 0.11859655699559621 52
1718493367098 0.05853884667158127 53
1718493376166 0.04040211385914257 54
1718493390191 0.053122922245945246 55
1718493399025 0.022585447345461165 56
1718493407657 0.02090656544481005 57
1718493416243 0.0540645851620606 58
1718493424677 0.07607632290039744 59
1718493438146 0.060047003839697154 60
1718493446514 0.04920639204127448 61
1718493455124 0.07590714309896741 62
1718493463814 0.043093926672424586 63
1718493472351 0.05434348061680794 64
1718493486354 0.07394892190183912 65
1718493495798 0.054314257843153815 66
1718493504617 0.04806811681815556 67
1718493512934 0.026581499725580215 68
1718493521424 0.06377735095364707 69
1718493535371 0.08738339692354202 70
1718493545689 0.044964840702180355 71
1718493554297 0.040944741772753854 72
