1714749375871 0.2206802349537611 0
1714749395760 0.13247966952621937 1
1714749417484 0.11659908294677734 2
1714749438272 0.12206005933694541 3
1714749480457 0.07321154838427901 4
1714749501722 0.08426756598055363 5
1714749525073 0.04792588483542204 6
1714749546629 0.034775981679558754 7
1714749590659 0.05097488686442375 8
1714749612245 0.043697902001440525 9
1714749633641 0.034514916595071554 10
1714749654120 0.05735827051103115 11
1714749697198 0.04661652073264122 12
1714749717033 0.021741226315498352 13
1714749737381 0.05285859294235706 14
1714749759020 0.04854407627135515 15
1714749799220 0.017296845093369484 16
1714749821343 0.06354742683470249 17
1714749846084 0.04205171577632427 18
1714749865956 0.02637514815432951 19
1714749906551 0.040755290538072586 20
1714749925658 0.027873361483216286 21
1714749945668 0.033851468935608864 22
1714749966942 0.025026803836226463 23
1714750009527 0.02135096793062985 24
1714750031507 0.009417135268449783 25
1714750051293 0.02442201040685177 26
1714750071910 0.029334725812077522 27
1714750113869 0.03614283725619316 28
1714750134379 0.028391240164637566 29
1714750154171 0.04505560826510191 30
1714750176576 0.03300859034061432 31
