1715180541698 0.36012098831789835 0
1715180548540 0.18791159561702184 1
1715180554996 0.194846225636346 2
1715180561479 0.16789202561735042 3
1715180568170 0.19721267532025064 4
1715180578877 0.08520538945283208 5
1715180585081 0.13218265239681518 6
1715180591151 0.0817193580525262 7
1715180597648 0.07822841086557933 8
1715180604167 0.10200080914156777 9
1715180615069 0.09072319843939372 10
1715180621593 0.05856668683035033 11
1715180638302 0.06805074055280004 12
1715180645101 0.09225486325366157 13
1715180651284 0.06306886087570872 14
1715180662053 0.09077417637620654 15
1715180668445 0.07316807151905128 16
1715180674719 0.04116601603371756 17
1715180681094 0.05339743037308965 18
1715180689992 0.05632833923612322 19
1715180701072 0.06913526090128082 20
1715180707744 0.04789911423410688 21
1715180714139 0.06717479335410255 22
1715180720313 0.06274038393582616 23
1715180726526 0.08058096894196101 24
1715180737348 0.060732138476201465 25
1715180745451 0.12722962296434812 26
1715180752253 0.032912260187523704 27
1715180758703 0.06831142253109387 28
1715180765328 0.08412978904587883 29
1715180776630 0.04731485992670059 30
1715180782809 0.047009767166205814 31
1715180789636 0.018417141267231533 32
1715180796036 0.03480703170810427 33
1715180802212 0.018079835389341627 34
1715180822626 0.03658426819103105 35
1715180829493 0.02957555598446301 36
1715180836101 0.02925104328564235 37
1715180845034 0.039796918630599976 38
1715180851572 0.015249380043574743 39
1715180862849 0.03805999511054584 40
1715180868808 0.06265418763671603 41
1715180875363 0.034148642527205605 42
1715180882965 0.035872814910752435 43
1715180891329 0.07216504801596914 44
1715180901814 0.05481771379709244 45
1715180908241 0.026693099843604223 46
