1714892914374 0.3254372105002403 0
1714892917183 0.16524576023221016 1
1714892920040 0.14998693764209747 2
1714892922822 0.09908962622284889 3
1714892928991 0.09093622444197536 4
1714892931755 0.06536655128002167 5
1714892934448 0.11374516785144806 6
1714892936913 0.11858404614031315 7
1714892942643 0.09622888546437025 8
1714892945180 0.05535927114033257 9
1714892947936 0.0666455099126324 10
1714892950561 0.07632818259298801 11
1714892956307 0.07051406241953373 12
1714892958837 0.08675447199493647 13
1714892961257 0.036106353625655174 14
1714892964013 0.0737036457285285 15
1714892969625 0.042486451333388686 16
1714892972083 0.09708133339881897 17
1714892974565 0.09123522788286209 18
1714892977069 0.08483861293643713 19
1714892982503 0.05464489758014679 20
1714892985166 0.03517015837132931 21
1714892988260 0.05885579437017441 22
1714892991082 0.0478489575907588 23
1714892996641 0.06492277886718512 24
1714892999304 0.051479458692483604 25
1714893001773 0.04693752620369196 26
1714893004480 0.0572805916890502 27
1714893010085 0.054793744813650846 28
1714893012839 0.04360447486396879 29
1714893015389 0.07666800497099757 30
1714893018648 0.0766393132507801 31
1714893024184 0.04429329372942448 32
1714893026852 0.054957520216703415 33
1714893029509 0.04234838858246803 34
1714893032350 0.03531952202320099 35
1714893038003 0.05392335169017315 36
1714893040929 0.02492457814514637 37
1714893043771 0.05488339997828007 38
1714893046605 0.04440613463521004 39
1714893052581 0.049395594745874405 40
1714893055043 0.021220964146777987 41
1714893057679 0.049158964306116104 42
1714893060380 0.10037362761795521 43
1714893066220 0.05044568865559995 44
1714893068997 0.04168503824621439 45
1714893071506 0.029643885092809796 46
1714893074118 0.028678031638264656 47
1714893079957 0.04222164489328861 48
1714893082628 0.03254184313118458 49
1714893085091 0.022868852131068707 50
1714893087690 0.03364366665482521 51
1714893093498 0.0379919707775116 52
1714893096078 0.02842589793726802 53
1714893098601 0.030959192663431168 54
1714893101121 0.018450217321515083 55
1714893107293 0.028143446892499924 56
1714893109833 0.031021063216030598 57
1714893112472 0.03894827142357826 58
1714893115002 0.010983963002217934 59
1714893120579 0.03141915053129196 60
1714893123006 0.03177635790780187 61
1714893125766 0.028287773486226797 62
1714893128584 0.01739440392702818 63
1714893135003 0.03713711351156235 64
1714893137604 0.017174789682030678 65
1714893140335 0.0450358372181654 66
1714893143081 0.029108654707670212 67
1714893148946 0.03691700752824545 68
1714893151694 0.03655926696956158 69
1714893154628 0.033985672518610954 70
1714893157288 0.0631585381925106 71
1714893163390 0.008566256612539291 72
1714893165972 0.031565711833536625 73
1714893168799 0.026625413447618484 74
1714893171523 0.07346452958881855 75
1714893177452 0.034864459186792374 76
1714893180374 0.018635996151715517 77
1714893183025 0.03397101163864136 78
1714893185833 0.048702094703912735 79
1714893192272 0.03409051150083542 80
1714893195322 0.04035598412156105 81
1714893198405 0.06019674986600876 82
1714893201138 0.02053355984389782 83
1714893206868 0.02771446667611599 84
1714893209634 0.025196490809321404 85
1714893212377 0.014431586489081383 86
1714893215359 0.03840290987864137 87
1714893221431 0.021209891885519028 88
1714893224169 0.023440169170498848 89
1714893227007 0.014048147946596146 90
1714893229730 0.019003833644092083 91
1714893235565 0.0173833929002285 92
1714893238277 0.024354152381420135 93
1714893241076 0.01662646234035492 94
1714893243948 0.035820912569761276 95
