1715159117203 0.19980461682592118 0
1715159126560 0.4198093158858163 1
1715159137193 0.18653166081224168 2
1715159145106 0.20530000062925474 3
1715159152673 0.3701058966772897 4
1715159164332 0.1291177443095616 5
1715159172634 0.22134168233190263 6
1715159180381 0.19695735829217093 7
1715159188043 0.1763126254081726 8
1715159195886 0.15997827053070068 9
1715159206731 0.13131484815052577 10
1715159213998 0.2039327621459961 11
1715159221416 0.1927286216190883 12
1715159228647 0.2060627213546208 13
1715159235685 0.26318553515842985 14
1715159248914 0.1264887707574027 15
1715159256617 0.15943408757448196 16
1715159263891 0.1075599193572998 17
1715159271174 0.18337896040507726 18
1715159278603 0.192132830619812 19
1715159291504 0.10594886541366577 20
1715159300032 0.11212124994822911 21
1715159309486 0.07039552820580346 22
1715159316964 0.13618927342551096 23
1715159324566 0.09637150168418884 24
1715159336005 0.059779460941042216 25
1715159343709 0.09615409799984523 26
1715159351919 0.105520384652274 27
1715159360424 0.0791354945727757 28
1715159368192 0.08019061599458967 29
1715159380694 0.06657252992902483 30
1715159388113 0.07029723695346288 31
1715159396514 0.02753855926649911 32
1715159403632 0.04076698848179409 33
1715159411004 0.08366093039512634 34
1715159424191 0.08789260472570147 35
1715159432225 0.05987243780067989 36
1715159439501 0.04287646072251456 37
1715159447594 0.05289998650550842 38
1715159455727 0.07596796325274877 39
1715159467667 0.1398210291351591 40
1715159474990 0.07906095470700945 41
1715159484629 0.08151776875768389 42
1715159493130 0.06821587681770325 43
1715159501517 0.031817887510572164 44
1715159513153 0.0958325479711805 45
1715159520674 0.14028346964291163 46
1715159528077 0.00448945164680481 47
1715159535740 0.030957026141030446 48
1715159543904 0.05273556283542088 49
1715159555301 0.06736008184296745 50
1715159562936 0.049924028771264214 51
1715159571238 0.024631393807274953 52
1715159579205 0.040497728756495883 53
1715159587003 0.03840932675770351 54
1715159598741 0.06816482756819044 55
1715159606365 0.06397098728588649 56
1715159614312 0.06202479771205357 57
1715159622144 0.04326334169932774 58
1715159630640 0.057579481175967624 59
1715159642884 0.1250292318207877 60
1715159650570 0.07736144747052874 61
1715159658041 0.04943755694798061 62
1715159665892 0.05447717649596078 63
1715159674040 0.06727366575172969 64
1715159688437 0.06105640530586243 65
1715159696554 0.02038042034421648 66
1715159704193 0.10971897414752416 67
1715159712677 0.0657397210597992 68
1715159720782 0.06453554119382586 69
1715159733202 0.17728661639349802 70
1715159741504 0.07494839174406868 71
1715159750233 0.08854248694011144 72
1715159759336 0.10632512824875968 73
1715159768106 0.053865590265819004 74
1715159782434 0.03919454983302525 75
1715159792825 0.09991776304585594 76
1715159801656 0.13463326862880162 77
1715159812527 0.1314084231853485 78
1715159821872 0.01901376247406006 79
1715159838153 0.04111314245632717 80
1715159847325 0.23100450209208898 81
1715159856338 0.07335846977574485 82
1715159865341 0.10178590246609279 83
1715159875311 0.14910168732915605 84
1715159888820 0.11062696150371007 85
