1714814264495 0.469721176661551 0
1714814282551 0.20615751668810844 1
1714814300433 0.22465605475008488 2
1714814318736 0.1704141329973936 3
1714814356946 0.11785269342362881 4
1714814376290 0.1685332665219903 5
1714814397109 0.11622374504804611 6
1714814415850 0.09688746929168701 7
1714814455547 0.1160551542416215 8
1714814481422 0.06510023400187492 9
1714814502485 0.07544489298015833 10
1714814521210 0.08860865607857704 11
1714814562315 0.061217342445161194 12
1714814590561 0.09441449493169785 13
1714814612308 0.0774507625028491 14
1714814633537 0.09733938053250313 15
1714814677472 0.10125776194036007 16
1714814697966 0.050880465656518936 17
1714814717053 0.04810869973152876 18
1714814736442 0.06773304846137762 19
1714814776295 0.06041352357715368 20
1714814797057 0.0907137356698513 21
1714814816165 0.05286281742155552 22
1714814838537 0.03300485201179981 23
1714814883303 0.035818391013890505 24
1714814906273 0.06593956798315048 25
1714814925499 0.04453187994658947 26
1714814945785 0.03781318664550781 27
1714814989146 0.05214865691959858 28
1714815010100 0.06649372726678848 29
1714815031550 0.07312866114079952 30
1714815052885 0.035118771716952324 31
1714815095379 0.05985669791698456 32
1714815116989 0.08536295779049397 33
1714815138141 0.059053922072052956 34
1714815158263 0.0612219013273716 35
1714815197345 0.07719113677740097 36
1714815218081 0.0406126044690609 37
1714815236832 0.030955845490098 38
1714815256594 0.041338488925248384 39
1714815296730 0.0422330554574728 40
1714815315580 0.010914931073784828 41
1714815335701 0.02571168914437294 42
1714815358048 0.07225620746612549 43
1714815400261 0.028965014964342117 44
1714815422463 0.02829127013683319 45
1714815443836 0.03875925950706005 46
1714815464943 0.029687050729990005 47
