1714912372682 0.09620102774351835 0
1714912378776 0.09051157487556338 1
1714912386091 0.07824258277832996 2
1714912391899 0.055309765972197056 3
1714912403388 0.08285824861377478 4
1714912409034 0.09829710226040334 5
1714912414815 0.08912049233913422 6
1714912420474 0.04586259555071592 7
1714912431044 0.09198104403913021 8
1714912436244 0.09215285442769527 9
1714912442209 0.06653878465294838 10
1714912447740 0.0854806643910706 11
1714912459488 0.04871754162013531 12
1714912464959 0.016621844843029976 13
1714912470175 0.02442741021513939 14
1714912475800 0.0566690803389065 15
1714912492564 0.0870128832757473 16
1714912496452 0.03662124462425709 17
1714912499841 0.05744112469255924 18
1714912502970 0.05475265998393297 19
1714912510140 0.033318111672997475 20
1714912513336 0.03628615662455559 21
1714912516710 0.03436316177248955 22
1714912519772 0.045639097690582275 23
1714912526476 0.04812814015895128 24
1714912530117 0.07545976527035236 25
1714912533487 0.07248820224776864 26
1714912536802 0.03908363915979862 27
1714912543589 0.01238318346440792 28
1714912547231 0.04918318009003997 29
1714912550737 0.05187069624662399 30
1714912554160 0.08178034890443087 31
1714912560868 0.019200919196009636 32
1714912564403 0.008262243121862411 33
1714912567586 0.052532325440552086 34
1714912571007 0.05973244830965996 35
1714912577854 0.04460838623344898 36
1714912581141 0.03116527572274208 37
1714912584627 0.025802507996559143 38
1714912587877 0.018713178113102913 39
1714912594833 0.018164770110161044 40
1714912598043 0.032793426886200905 41
1714912601700 0.04109956882894039 42
1714912605156 0.03759625926613808 43
1714912615720 0.028147276490926743 44
1714912621344 0.02663295529782772 45
1714912626806 0.025830836966633797 46
1714912632246 0.024541568011045456 47
