1718523672006 0.31662278515951975 0
1718523691157 0.6408231641565051 1
1718523708202 0.47013662861926214 2
1718523724877 0.27962783191885265 3
1718523742054 0.1186595346246447 4
1718523768359 0.20259045915944235 5
1718523785287 0.06983332123075213 6
1718523802030 0.12228395896298545 7
1718523818632 0.29912791720458437 8
1718523835313 0.12429237299199615 9
1718523859874 0.1467083011354719 10
1718523877029 0.2809324136802128 11
1718523893837 0.12106489070824214 12
1718523911052 0.19818279253584997 13
1718523927967 0.04699122267110007 14
1718523952727 0.13144638070038386 15
1718523970568 0.12383220025471278 16
1718523987665 0.2563816745366369 17
1718524004156 0.07740820944309235 18
1718524021278 0.09286440057413918 19
1718524045210 0.10454034805297852 20
1718524061653 0.0729761975152152 21
1718524079317 0.12195955429758344 22
1718524096413 0.10843532851764134 23
1718524113373 0.09338880117450442 24
1718524142413 0.1664886134011405 25
1718524159701 0.08413990480559212 26
1718524176529 0.07944465960775103 27
1718524194145 0.05497535850320544 28
1718524210594 0.07067077074732099 29
1718524235314 0.14917337042944773 30
1718524252250 0.08974300750664302 31
1718524269187 0.07857675211770195 32
1718524286179 0.09765565395355225 33
1718524303165 0.07373111162866865 34
1718524326424 0.16107269270079477 35
1718524342588 0.10434843812670026 36
1718524358865 0.03150473747934614 37
1718524375354 0.08926752209663391 38
1718524392550 0.03616621983902795 39
