1714846160548 0.7447753772139549 0
1714846163207 0.42580922320485115 1
1714846166183 0.3770917523652315 2
1714846168932 0.25599451549351215 3
1714846174805 0.19508335180580616 4
1714846177321 0.22388060949742794 5
1714846180073 0.172625333070755 6
1714846182593 0.17396500520408154 7
1714846188205 0.16473129484802485 8
1714846190831 0.16344653069972992 9
1714846193617 0.17451609577983618 10
1714846196188 0.16171281039714813 11
1714846201652 0.17009306326508522 12
1714846204406 0.11775082070380449 13
1714846207291 0.1069314619526267 14
1714846210141 0.10400362126529217 15
1714846216760 0.08100846782326698 16
1714846219332 0.10168693214654922 17
1714846222064 0.0645161122083664 18
1714846224577 0.06429283320903778 19
1714846230355 0.16023739892989397 20
1714846232981 0.06876794062554836 21
1714846235504 0.10235016420483589 22
1714846237951 0.09542483882978559 23
1714846243477 0.03817302547395229 24
1714846246340 0.136934045702219 25
1714846249053 0.05949792079627514 26
1714846251529 0.08748718164861202 27
1714846257480 0.06856605969369411 28
1714846259955 0.08989537693560123 29
1714846262679 0.09178314451128244 30
1714846265290 0.07831165613606572 31
1714846271218 0.11163059249520302 32
1714846273967 0.061990190763026476 33
1714846276546 0.06737392395734787 34
1714846279181 0.06736611563246697 35
1714846285284 0.05735072214156389 36
1714846287908 0.06817096658051014 37
1714846290972 0.07663309038616717 38
1714846293726 0.05119000934064388 39
1714846299364 0.05176394619047642 40
1714846301877 0.04302235320210457 41
1714846304802 0.0734360683709383 42
1714846307489 0.04531337972730398 43
1714846313374 0.043140959925949574 44
1714846316473 0.07539296429604292 45
1714846319315 0.07185829791706055 46
1714846321904 0.08092744019813836 47
1714846327687 0.041899994015693665 48
1714846330515 0.047834716737270355 49
1714846333700 0.04578388575464487 50
1714846336837 0.07048023492097855 51
1714846342678 0.02388490131124854 52
1714846345374 0.03882908076047897 53
1714846348163 0.05769165139645338 54
1714846350843 0.0780113972723484 55
1714846356769 0.05912109278142452 56
1714846359615 0.04444120917469263 57
1714846362384 0.04994902352336794 58
1714846364952 0.03898679092526436 59
1714846370799 0.041580088436603546 60
1714846373509 0.03633035160601139 61
1714846376395 0.03114604949951172 62
1714846379216 0.04539300873875618 63
