1718520242366 0.18602297135761806 0
1718520281968 0.14679387211799622 1
1718520321820 0.2095215916633606 2
1718520360664 0.19189367124012538 3
1718520400617 0.33702661309923443 4
1718520462469 0.2653428337403706 5
1718520502649 0.09386577989373888 6
1718520540788 0.043361197624887736 7
1718520581326 0.10846814938953944 8
1718520620399 0.0668806859425136 9
1718520670153 0.14100863252367293 10
1718520709284 0.11047151471887316 11
1718520747043 0.08082430064678192 12
1718520785713 0.022374571434089115 13
1718520824671 0.027790114283561707 14
1718520874070 0.07864593714475632 15
1718520912549 0.1075359433889389 16
1718520951037 0.053876170090266635 17
1718520988203 0.10439277120998927 18
1718521028138 0.0896891759974616 19
1718521076895 0.11642711290291377 20
1718521115600 0.10030028543301991 21
1718521153550 0.14905276894569397 22
1718521192010 0.1673069873026439 23
1718521229146 0.06515567643301827 24
1718521278668 0.08083682826587132 25
1718521316455 0.17963699996471405 26
1718521355580 0.1666398122906685 27
1718521394460 0.06793182023933955 28
1718521432201 0.06597723492554255 29
1718521482458 0.1210900183234896 30
1718521521308 0.06308146033968244 31
1718521562028 0.126985425395625 32
1718521599338 0.09309848504407066 33
1718521639365 0.06625026890209743 34
1718521689149 0.06122758984565735 35
1718521727139 0.1836327463388443 36
1718521768335 0.10959211417606898 37
1718521806340 0.30226725339889526 38
1718521845759 0.10617034137248993 39
1718521895621 0.36052930993693216 40
1718521932969 0.12959125638008118 41
1718521972473 0.02552485466003418 42
1718522010709 0.08583629769938332 43
1718522049904 0.05252006543534143 44
1718522098720 0.049065815550940375 45
1718522137109 0.06433268317154475 46
1718522179927 0.07109399352754865 47
1718522219106 0.06680758616753987 48
1718522258555 0.030236399599484036 49
1718522307028 0.08334964300904955 50
1718522345895 0.022507997495787486 51
1718522384467 0.08720662444829941 52
1718522422684 0.04796118608542851 53
1718522461005 0.09089483320713043 54
1718522512945 0.18445749367986405 55
1718522551238 0.0340690016746521 56
1718522589496 0.18021336197853088 57
1718522628989 0.05625310965946743 58
1718522670304 0.10634274993624006 59
1718522720403 0.003498490367616926 60
1718522758606 0.0242936196071761 61
1718522797389 0.03785357304981777 62
1718522837848 0.031056868178503855 63
1718522875399 0.07623869180679321 64
