1714914309678 0.41477817110717297 0
1714914312815 0.23717852123081684 1
1714914315797 0.20171917416155338 2
1714914318680 0.1415432346984744 3
1714914326014 0.12023219093680382 4
1714914329261 0.0916531402617693 5
1714914332280 0.09244085289537907 6
1714914335340 0.08066886849701405 7
1714914342042 0.07705174200236797 8
1714914345143 0.04030631296336651 9
1714914348217 0.05409621633589268 10
1714914351363 0.05312708765268326 11
1714914358181 0.06516153970733285 12
1714914362207 0.06757707195356488 13
1714914365352 0.07621469348669052 14
1714914368462 0.061006005853414536 15
1714914375618 0.07472205348312855 16
1714914378695 0.04296158626675606 17
1714914381699 0.02871573274023831 18
1714914384885 0.031413160264492035 19
1714914391733 0.040711428970098495 20
1714914394899 0.059976695105433464 21
1714914398064 0.023943522945046425 22
1714914401412 0.0401263702660799 23
1714914408814 0.04138827137649059 24
1714914412595 0.051700206473469734 25
1714914416092 0.058464398607611656 26
1714914419502 0.014581317314878106 27
1714914426681 0.04746332112699747 28
1714914430203 0.05336425080895424 29
1714914433640 0.043802229687571526 30
1714914437079 0.02408263273537159 31
1714914444319 0.04109260195400566 32
1714914447435 0.03469133051112294 33
1714914450912 0.02780499425716698 34
1714914454250 0.01180369034409523 35
1714914461417 0.05568099953234196 36
1714914465137 0.03907528333365917 37
1714914468621 0.040993936359882355 38
1714914471952 0.04575821943581104 39
1714914479803 0.05209009721875191 40
1714914483398 0.022430971264839172 41
1714914492013 0.025377397207194008 42
1714914495930 0.0437631756067276 43
1714914502830 0.018629824742674828 44
1714914506297 0.02980779344215989 45
1714914509706 0.037638114765286446 46
1714914513322 0.04158362187445164 47
1714914520714 0.024288376793265343 48
1714914524432 0.030166836455464363 49
1714914528379 0.016459424048662186 50
1714914531619 0.04101080819964409 51
1714914538959 0.014753783121705055 52
1714914542477 0.037229981273412704 53
1714914546171 0.026388712227344513 54
1714914549867 0.031944047659635544 55
1714914557233 0.0230293539352715 56
1714914560543 0.009490584954619408 57
1714914563969 0.03443762753158808 58
1714914567558 0.04901665821671486 59
1714914574717 0.044576240703463554 60
1714914578236 0.037939662113785744 61
1714914582214 0.028070881962776184 62
1714914586122 0.02680730726569891 63
