1715173424922 0.35971001216343473 0
1715173433697 0.3436192955289568 1
1715173442788 0.16996872105768748 2
1715173451381 0.18625618943146297 3
1715173459726 0.1416909210383892 4
1715173477516 0.12493023223110608 5
1715173486917 0.206119567155838 6
1715173495884 0.14731309030737197 7
1715173505174 0.12598778307437897 8
1715173514196 0.12337991382394518 9
1715173528739 0.18755604113851274 10
1715173537576 0.10639403973306928 11
1715173546583 0.09425846487283707 12
1715173557790 0.08931770601442882 13
1715173566765 0.1575465819665364 14
1715173580830 0.07931904069014958 15
1715173589776 0.06370476526873452 16
1715173599842 0.08239729808909553 17
1715173608272 0.11176787529672895 18
1715173617784 0.1326003074645996 19
1715173632226 0.123909663941179 20
1715173641606 0.11341433546372823 21
1715173650217 0.10352887213230133 22
1715173658511 0.10985758581331798 23
1715173667201 0.06539660053593772 24
1715173682181 0.08436111680098943 25
1715173690505 0.09885056103978838 26
1715173699096 0.1516598675932203 27
1715173708039 0.0791336212839399 28
1715173716220 0.050885792688599656 29
1715173730621 0.08527224830218724 30
1715173739900 0.0866780515227999 31
1715173748253 0.1012904697230884 32
1715173757588 0.11637708757604871 33
1715173766521 0.058042485799108236 34
1715173788700 0.10968903026410512 35
1715173797457 0.14740969559976033 36
1715173806750 0.024976415293557302 37
1715173815698 0.07136684656143188 38
1715173823725 0.09712898624794823 39
1715173837925 0.056350718651499064 40
1715173846786 0.07055223626749856 41
1715173863554 0.11721010080405644 42
1715173872336 0.07524538891656059 43
1715173881135 0.04648423088448388 44
1715173894932 0.09170438774994441 45
1715173906638 0.06592853739857674 46
1715173915027 0.02681949415377208 47
1715173923791 0.061712553458554406 48
1715173932463 0.0657234394124576 49
1715173945903 0.11311604934079307 50
1715173954194 0.06713972453560148 51
1715173962319 0.06159895232745579 52
