1715157822929 0.42647525668144226 0
1715157825183 0.2677756292479379 1
1715157827501 0.27243401961667196 2
1715157829791 0.25656952389648985 3
1715157834572 0.18140591255256108 4
1715157836737 0.2290934877736228 5
1715157838798 0.19246835793767655 6
1715157841009 0.1546273891414915 7
1715157846748 0.16462793733392442 8
1715157849146 0.15261764185769217 9
1715157851357 0.16020975794110978 10
1715157853870 0.11086725124291011 11
1715157858376 0.11060365183012826 12
1715157860486 0.16516111152512686 13
1715157862651 0.11658436698572976 14
1715157864970 0.08159276749938726 15
1715157869497 0.06851898559502193 16
1715157871812 0.11708254047802516 17
1715157874872 0.0593648510319846 18
1715157877258 0.05749607778021267 19
1715157885724 0.09633693311895643 20
1715157887940 0.18064174907548086 21
1715157890242 0.07104471006563731 22
1715157892352 0.11263572105339595 23
1715157897016 0.0447410238640649 24
1715157899656 0.06598243968827384 25
1715157901961 0.0911192957844053 26
1715157904175 0.1826031016451972 27
1715157908699 0.10400683539254325 28
1715157911177 0.06316471312727247 29
1715157913369 0.0521089072738375 30
1715157915576 0.08160511297839028 31
1715157920583 0.07636200104440961 32
1715157922904 0.07774084806442261 33
1715157925574 0.0713987478188106 34
1715157927958 0.14837846159934998 35
1715157932475 0.04626347976071494 36
1715157934937 0.11673735507896968 37
1715157937979 0.12397797405719757 38
1715157940644 0.04566126423222678 39
1715157946681 0.08521024882793427 40
1715157949155 0.05597160756587982 41
1715157951377 0.1094506276505334 42
1715157953647 0.06965028388159615 43
1715157958157 0.04227917322090694 44
1715157960379 0.041828613196100504 45
1715157962583 0.05941839941910335 46
1715157964934 0.1252007590872901 47
1715157969833 0.09597628882953099 48
1715157972131 0.13072435132094792 49
1715157974508 0.04924529365130833 50
1715157976672 0.009964772633143834 51
1715157981373 0.06750648628388133 52
1715157983755 0.11224156618118286 53
1715157986668 0.17205460795334407 54
1715157989019 0.048207023314067295 55
1715157993838 0.20627708520208085 56
1715157996242 0.054317936301231384 57
1715157998604 0.12211319378444127 58
1715158000929 0.0425641132252557 59
1715158005421 0.09447942248412541 60
1715158007744 0.1325619795492717 61
1715158009917 0.06918047155652728 62
1715158012101 0.06030382428850446 63
