1714854461562 0.35680827498435974 0
1714854464185 0.1823139265179634 1
1714854466961 0.18457547947764397 2
1714854469265 0.13558288849890232 3
1714854475364 0.10523614473640919 4
1714854478238 0.10468705929815769 5
1714854480863 0.0996711878105998 6
1714854483393 0.05974807217717171 7
1714854489444 0.12828928604722023 8
1714854493690 0.07387183979153633 9
1714854496214 0.09459656476974487 10
1714854498740 0.04917549155652523 11
1714854504475 0.0538550429046154 12
1714854507329 0.055777912959456444 13
1714854509752 0.0367556307464838 14
1714854512279 0.03769285138696432 15
1714854518194 0.06144464388489723 16
1714854520660 0.03221855196170509 17
1714854523416 0.06071325880475342 18
1714854525947 0.043510750867426395 19
1714854531574 0.044214766938239336 20
1714854534250 0.038281332701444626 21
1714854536962 0.035745080560445786 22
1714854539651 0.043772151693701744 23
1714854545352 0.04714366793632507 24
1714854548747 0.029861608520150185 25
1714854551243 0.05424520460655913 26
1714854553770 0.021346870809793472 27
1714854559352 0.057210566475987434 28
1714854561893 0.011840373277664185 29
1714854564433 0.022519398771692067 30
1714854566984 0.020563763799145818 31
1714854572571 0.02308734506368637 32
1714854575245 0.031919047236442566 33
1714854577831 0.04578680032864213 34
1714854580374 0.04365312494337559 35
1714854585829 0.01952625112608075 36
1714854588460 0.06745557487010956 37
1714854591075 0.03084091702476144 38
1714854593597 0.016995325684547424 39
1714854599188 0.06731954030692577 40
1714854601642 0.04157320782542229 41
1714854604221 0.029144849628210068 42
1714854606916 0.05242043547332287 43
1714854612568 0.011507237330079079 44
1714854615321 0.0625885408371687 45
1714854617900 0.018799321725964546 46
1714854620598 0.022106202319264412 47
1714854626257 0.03159237094223499 48
1714854628885 0.041437311097979546 49
1714854631399 0.02230837754905224 50
1714854633943 0.030022667720913887 51
1714854639531 0.021703248843550682 52
1714854642304 0.022051755338907242 53
1714854645114 0.038468385115265846 54
1714854647652 0.018399624153971672 55
1714854653306 0.046595316380262375 56
1714854655956 0.0227154940366745 57
1714854658751 0.010437816381454468 58
1714854661316 0.02428814209997654 59
1714854667217 0.051651546033099294 60
1714854669844 0.017725059762597084 61
1714854672468 0.03372597135603428 62
1714854675018 0.0247950442135334 63
