1718192418976 0.7388789440904345 0
1718192436166 0.3516759489263807 1
1718192453879 0.16676605386393412 2
1718192475380 0.24706282573086874 3
1718192494116 0.2036247785602297 4
1718192532792 0.16510420186179026 5
1718192552097 0.14202698000839778 6
1718192569009 0.09947066860539573 7
1718192586942 0.09865439869463444 8
1718192604449 0.10308489842074257 9
1718192638709 0.10099601479513305 10
1718192655069 0.13445499113627843 11
1718192672679 0.06854342562811715 12
1718192690285 0.0645223217351096 13
1718192708704 0.05590035447052547 14
1718192743719 0.08625288946287972 15
1718192761592 0.07821188654218401 16
1718192778943 0.06376426188009125 17
1718192797657 0.048190295696258545 18
1718192814783 0.07599785711084094 19
1718192849431 0.1061900577374867 20
1718192872903 0.11077387205192021 21
1718192891327 0.0721433971609388 22
1718192909353 0.05487769629274096 23
1718192926871 0.05530922966344016 24
1718192958241 0.07555899343320302 25
1718192972883 0.055036913071359904 26
1718192987343 0.07388671806880406 27
1718193001902 0.055269684110369 28
1718193016834 0.017303849969591414 29
1718193046603 0.05488133004733494 30
1718193061060 0.08754699996539525 31
1718193075994 0.03906216259513583 32
1718193090611 0.058460080197879245 33
1718193105411 0.06538244656154088 34
1718193135065 0.03373786381312779 35
1718193149644 0.049221813678741455 36
1718193165293 0.057935821158545356 37
1718193179873 0.049568465777805874 38
1718193194644 0.07661737288747515 39
1718193224476 0.04655559999602182 40
1718193239112 0.05004712513514927 41
1718193253944 0.015034679855619158 42
1718193268761 0.03370793376650129 43
1718193283922 0.033450543880462646 44
1718193314432 0.04246944614819118 45
1718193329267 0.0408535897731781 46
1718193343881 0.03599855303764343 47
1718193360577 0.03686984522002084 48
1718193375535 0.044619396328926086 49
1718193405623 0.028802433184215 50
1718193420455 0.041698643139430454 51
1718193435529 0.029496912445340837 52
1718193450293 0.02737892951284136 53
1718193464979 0.02079669732068266 54
1718193495066 0.011728993483952113 55
1718193509639 0.02285039850643703 56
1718193526358 0.05655732538018908 57
1718193541198 0.038253460611615865 58
1718193556802 0.03196529831205096 59
1718193587339 0.09978152598653521 60
1718193601954 0.009632583175386702 61
1718193616656 0.02026109184537615 62
1718193632472 0.0483333809035165 63
1718193647945 0.09780796297958919 64
1718193679171 0.06415982757295881 65
1718193694129 0.10622927972248622 66
1718193709453 0.042672768235206604 67
1718193724604 0.018856904336384366 68
1718193739466 0.052292581115450175 69
1718193769776 0.026603358132498606 70
1718193784902 0.030628885541643416 71
1718193800309 0.07465834489890508 72
