1715012844801 0.46738290414214134 0
1715012848436 0.18573716096580029 1
1715012851047 0.11643216945230961 2
1715012853787 0.13471323670819402 3
1715012859514 0.10929829347878695 4
1715012862008 0.1160958455875516 5
1715012864688 0.06970228697173297 6
1715012867372 0.04813583614304662 7
1715012873200 0.06705106608569622 8
1715012875968 0.07040980830788612 9
1715012878623 0.0522860623896122 10
1715012881210 0.07339124323334545 11
1715012888185 0.035783909261226654 12
1715012890683 0.05275397375226021 13
1715012893391 0.10215967427939177 14
1715012895882 0.02966707688756287 15
1715012902085 0.06601130217313766 16
1715012905285 0.08516811579465866 17
1715012908310 0.051142907701432705 18
1715012911776 0.04960581474006176 19
1715012919537 0.050209647975862026 20
1715012922696 0.021037375554442406 21
1715012925262 0.035599750466644764 22
1715012928322 0.053843179186515044 23
1715012934065 0.057862200075760484 24
1715012936781 0.0208299458026886 25
1715012940119 0.03936933050863445 26
1715012943069 0.037701262161135674 27
1715012950459 0.028134441003203392 28
1715012953476 0.04078097082674503 29
1715012956521 0.048482801765203476 30
1715012959391 0.05108290771022439 31
1715012965225 0.03682824969291687 32
1715012968408 0.01294254930689931 33
1715012971461 0.03804211504757404 34
1715012974253 0.028286132961511612 35
1715012980686 0.029576731845736504 36
1715012983410 0.01420804113149643 37
1715012986139 0.04656745819374919 38
1715012988747 0.02030804753303528 39
1715012995433 0.02152945869602263 40
1715012998490 0.039196535013616085 41
1715013001410 0.026822900865226984 42
1715013004443 0.020146910101175308 43
1715013010223 0.007437284453772008 44
1715013012870 0.02820061706006527 45
1715013017978 0.01632017269730568 46
1715013020941 0.01388181559741497 47
