1715067388372 0.3138955608010292 0
1715067392056 0.24347972497344017 1
1715067395786 0.19932370074093342 2
1715067399400 0.1537137646228075 3
1715067409186 0.1939290128648281 4
1715067412983 0.10472557600587606 5
1715067417050 0.10492545738816261 6
1715067420795 0.08865613117814064 7
1715067428583 0.09966816380620003 8
1715067432848 0.14416924491524696 9
1715067437023 0.13865362107753754 10
1715067441046 0.17184965685009956 11
1715067452638 0.07735882140696049 12
1715067456752 0.09693753533065319 13
1715067462048 0.06171398609876633 14
1715067466490 0.1039153877645731 15
1715067474870 0.0603365171700716 16
1715067479143 0.10764228086918592 17
1715067483485 0.07261090353131294 18
1715067487741 0.06551024317741394 19
1715067496403 0.07403056090697646 20
1715067500670 0.07197981141507626 21
1715067504885 0.08903959416784346 22
1715067509998 0.05252294708043337 23
1715067518781 0.03569198492914438 24
1715067523324 0.11238552257418633 25
1715067528607 0.07409168034791946 26
1715067532788 0.05911476258188486 27
1715067541558 0.08521067351102829 28
1715067546080 0.08792376890778542 29
1715067550570 0.09807400964200497 30
1715067569167 0.050205145962536335 31
1715067577427 0.031347059237305075 32
1715067581845 0.042283106595277786 33
1715067586313 0.042050279676914215 34
1715067590644 0.059191400185227394 35
1715067599560 0.06305269221775234 36
1715067604092 0.08889023959636688 37
1715067608883 0.0836314782500267 38
1715067613171 0.07946109399199486 39
1715067622976 0.0629780013114214 40
1715067627477 0.07758280448615551 41
1715067631920 0.07195645291358232 42
1715067636483 0.061554066836833954 43
1715067645557 0.04524351470172405 44
1715067651026 0.05097533017396927 45
1715067655353 0.049160104244947433 46
1715067660349 0.05204394552856684 47
1715067670280 0.05639184592291713 48
1715067674756 0.046743324026465416 49
1715067679510 0.04531930200755596 50
1715067684131 0.025363631546497345 51
1715067692736 0.035565948113799095 52
1715067697405 0.036311075091362 53
1715067702137 0.02748756855726242 54
1715067707167 0.03370792418718338 55
1715067716371 0.009014051407575607 56
1715067722361 0.03049672394990921 57
1715067727966 0.044918619096279144 58
1715067732394 0.03151709958910942 59
1715067741535 0.03189640794880688 60
1715067746165 0.03166660666465759 61
1715067750814 0.03458629921078682 62
1715067755704 0.04344187956303358 63
1715067765190 0.04200032725930214 64
1715067769510 0.03158188611268997 65
1715067774474 0.06661916337907314 66
1715067779441 0.0429360456764698 67
1715067789073 0.015325799584388733 68
1715067794370 0.041000258177518845 69
1715067799462 0.0670310277491808 70
1715067804110 0.0402793288230896 71
1715067817293 0.028489303775131702 72
1715067821849 0.05281333066523075 73
1715067826629 0.014322441071271896 74
1715067831074 0.04151029884815216 75
1715067839851 0.04739845544099808 76
1715067845177 0.021918796002864838 77
1715067849634 0.0687991795130074 78
1715067854705 0.03954390762373805 79
1715067863770 0.008098192512989044 80
1715067869774 0.03624445013701916 81
1715067874416 0.05203820392489433 82
1715067879400 0.02323444827925414 83
1715067888399 0.03233066201210022 84
1715067892987 0.07525743916630745 85
1715067898008 0.07809437438845634 86
1715067903661 0.05968357156962156 87
1715067913982 0.05365269468165934 88
1715067919643 0.03321089968085289 89
1715067930836 0.04764380306005478 90
1715067935935 0.04564758390188217 91
1715067946391 0.038929276168346405 92
