1718494942045 0.40448448274816784 0
1718494949441 0.27065409613507135 1
1718494955011 0.2526565598590033 2
1718494960325 0.27827045002153944 3
1718494965560 0.15706938398735865 4
1718494975471 0.09744859380381447 5
1718494981021 0.08263789649520602 6
1718494986376 0.10153928931270327 7
1718494992467 0.08947094529867172 8
1718494998258 0.06222452649048397 9
1718495007547 0.19612460689885275 10
1718495013104 0.1485466275896345 11
1718495018449 0.07558704699788775 12
1718495024061 0.14040885865688324 13
1718495029291 0.09157480299472809 14
1718495040488 0.2053576878138951 15
1718495046400 0.10022494622639247 16
1718495051668 0.17852088170392172 17
1718495057079 0.16632368309157236 18
1718495062299 0.17852625250816345 19
1718495072323 0.15453195252588817 20
1718495077466 0.10337319118635994 21
1718495082965 0.4368374134813036 22
1718495088292 0.16113843343087605 23
1718495094029 0.14364383263247354 24
1718495113007 0.2550507869039263 25
1718495118715 0.14003419876098633 26
1718495124125 0.0569912280355181 27
1718495129918 0.1127711424071874 28
1718495135471 0.0827405218567167 29
1718495144725 0.09004582464694977 30
1718495150988 0.04088479493345533 31
1718495156398 0.10119126737117767 32
1718495162014 0.07027579950434822 33
1718495167808 0.08064075240067073 34
1718495177250 0.014614313840866089 35
1718495182622 0.06469129345246724 36
1718495188260 0.13368846688951766 37
1718495194045 0.08483075989144188 38
1718495199399 0.07718604377337865 39
1718495208911 0.0999869235924312 40
1718495214365 0.2890917563012668 41
