1714812474079 0.481517668813467 0
1714812489673 0.32647145353257656 1
1714812507927 0.23308872617781162 2
1714812526933 0.20312128961086273 3
1714812565756 0.15502173639833927 4
1714812586599 0.10925640841014683 5
1714812605673 0.08065935131162405 6
1714812625265 0.14978986280038953 7
1714812666916 0.14409886114299297 8
1714812687469 0.10873712971806526 9
1714812707375 0.13559717126190662 10
1714812727469 0.13304433412849903 11
1714812768925 0.10770585387945175 12
1714812792185 0.055607136338949203 13
1714812813197 0.07121332921087742 14
1714812833251 0.1003021840006113 15
1714812871443 0.08650053339079022 16
1714812891948 0.057360997423529625 17
1714812911133 0.07267352601047605 18
1714812930252 0.04496194235980511 19
1714812973916 0.05125676095485687 20
1714812994101 0.07009439915418625 21
1714813014683 0.07732442393898964 22
1714813034236 0.06687286123633385 23
1714813072270 0.033121839398518205 24
1714813091929 0.030030108988285065 25
1714813112331 0.06604592129588127 26
1714813132169 0.04348993208259344 27
1714813172482 0.049193846294656396 28
1714813194156 0.09605588763952255 29
1714813215605 0.05388361215591431 30
1714813238002 0.05017899535596371 31
1714813278415 0.04234172776341438 32
1714813299105 0.02702999673783779 33
1714813325652 0.025722619146108627 34
1714813345014 0.06137494184076786 35
1714813389280 0.053996188566088676 36
1714813412131 0.058091677725315094 37
1714813432218 0.07357012666761875 38
1714813450907 0.06120735593140125 39
1714813492507 0.07419306319206953 40
1714813512923 0.04524094983935356 41
1714813533143 0.02566603571176529 42
1714813552766 0.07141423784196377 43
1714813595915 0.04185452940873802 44
1714813616891 0.04573564883321524 45
1714813637411 0.024918416049331427 46
1714813655026 0.04122295789420605 47
