1715181271292 0.41614713839122225 0
1715181278234 0.16712483231510436 1
1715181284758 0.06973850514207568 2
1715181290861 0.10191919122423444 3
1715181297153 0.14714293607643672 4
1715181308125 0.0916806837277753 5
1715181314492 0.022814050316810608 6
1715181320697 0.10925006281052317 7
1715181326978 0.05070263519883156 8
1715181332777 0.06162833209548678 9
1715181342698 0.04825817793607712 10
1715181348869 0.03593022216643606 11
1715181355159 0.033961103963000436 12
1715181361747 0.042541702411004474 13
1715181367674 0.10744294949940272 14
1715181380257 0.042110329759972434 15
1715181386631 0.023986654622214183 16
1715181394628 0.02737191691994667 17
1715181400817 0.002469258649008615 18
1715181407225 0.04080696510417121 19
1715181418070 0.011621100561959403 20
1715181424480 0.04123712118182864 21
1715181430641 0.04950256645679474 22
1715181436652 0.015395026121820723 23
1715181442571 0.03202030062675476 24
1715181452786 0.07871820032596588 25
1715181458947 0.0188933898295675 26
1715181465050 0.06374435765402657 27
1715181471610 0.04941260495356151 28
1715181477609 0.029067392327955792 29
1715181487924 0.02018881163426808 30
1715181494444 0.031744947390896935 31
1715181500431 0.007099442183971405 32
1715181506421 0.027302372136286328 33
1715181513928 0.02508345991373062 34
1715181524446 0.028262349111693248 35
1715181531003 0.02105947264603206 36
1715181537390 0.046309810663972585 37
1715181544103 0.026429263076611927 38
1715181550079 0.024802074368510927 39
1715181559925 0.02254270762205124 40
1715181565893 0.03617024315255029 41
1715181572072 0.019146878804479326 42
1715181578739 0.02608810897384371 43
1715181585238 0.005060659987585885 44
1715181595331 0.03678342167820249 45
1715181601818 0.0058078063385827204 46
1715181608051 0.01576399803161621 47
1715181614606 0.013447398053748267 48
1715181620558 0.01662361142890794 49
1715181631048 0.013629880334649767 50
1715181637365 0.023663154670170376 51
1715181643775 0.020740977355412075 52
1715181649936 0.03418912046722004 53
1715181656145 0.014039561352027314 54
1715181666349 0.026196429772036418 55
1715181672825 0.019634896091052463 56
1715181678989 0.0074128274406705585 57
1715181685024 0.024680962519986287 58
1715181691241 0.03300353565386364 59
1715181705057 0.004221967288425991 60
1715181711463 0.03396110875265939 61
1715181717796 0.004349991679191589 62
