1714847079015 0.25889748125337064 0
1714847081639 0.10972323827445507 1
1714847084408 0.08400525152683258 2
1714847087051 0.07196363434195518 3
1714847092659 0.055874742567539215 4
1714847095207 0.0652290377765894 5
1714847097844 0.04053658805787563 6
1714847101423 0.03156493976712227 7
1714847107646 0.022137833759188652 8
1714847110342 0.017128190025687218 9
1714847113126 0.034470017068088055 10
1714847115753 0.018625156953930855 11
1714847121865 0.02250824123620987 12
1714847124516 0.024135097861289978 13
1714847127335 0.035951487720012665 14
1714847130151 0.031464437022805214 15
1714847136359 0.0163995660841465 16
1714847139224 0.022532424423843622 17
1714847141921 0.011509085074067116 18
1714847144832 0.006394136697053909 19
1714847150743 0.00902014784514904 20
1714847153539 0.015084407525137067 21
1714847156351 0.013677660375833511 22
1714847159104 0.01036591175943613 23
1714847165124 0.01603086944669485 24
1714847168321 0.020078100264072418 25
1714847171315 0.021757183596491814 26
1714847174201 0.03290577558800578 27
1714847180219 0.00026635266840457916 28
1714847183167 0.04071629419922829 29
1714847186223 0.006793621927499771 30
1714847189359 0.00491865910589695 31
1714847195777 0.008712217211723328 32
1714847198747 0.009109215578064322 33
1714847201635 0.006798688322305679 34
1714847204502 0.006966108456254005 35
1714847210802 0.013322893530130386 36
1714847213629 0.008771160617470741 37
1714847216408 0.016496848315000534 38
1714847219680 0.018746430054306984 39
1714847225834 0.011471545323729515 40
1714847228575 0.012589002028107643 41
1714847231281 0.013907117769122124 42
1714847234008 0.010810788720846176 43
1714847240164 0.011238450184464455 44
1714847242887 0.018772926181554794 45
1714847245769 0.010603042319417 46
1714847248545 0.014460303820669651 47
1714847254757 0.009442290291190147 48
1714847257524 0.011193053796887398 49
1714847260604 0.0194875355809927 50
1714847263673 0.016539190837647766 51
1714847269782 0.015755537897348404 52
1714847272640 0.010688495356589556 53
1714847275752 0.025095603428781033 54
1714847278595 0.02379679214209318 55
1714847284771 0.0034526195377111435 56
1714847287500 0.015804823487997055 57
1714847290599 0.008390987291932106 58
1714847293330 0.006285432726144791 59
1714847299654 0.005811845883727074 60
1714847302655 0.011167295277118683 61
1714847305720 0.009055187925696373 62
1714847308818 0.007055783644318581 63
