1715062914385 0.661664392799139 0
1715062921605 0.2789410692639649 1
1715062929936 0.24221834540367126 2
1715062938848 0.2569466959685087 3
1715062957040 0.19290554895997047 4
1715062964321 0.12432543816976249 5
1715062984778 0.2226731851696968 6
1715062993762 0.18769372440874577 7
1715063012021 0.11280396208167076 8
1715063019517 0.10569316288456321 9
1715063028925 0.09508833661675453 10
1715063040346 0.1182560296729207 11
1715063059342 0.0852589407004416 12
1715063066547 0.07395200245082378 13
1715063075285 0.05545291700400412 14
1715063083421 0.08274614019319415 15
1715063100614 0.06758190505206585 16
1715063108436 0.03207954578101635 17
1715063119668 0.0702068223617971 18
1715063131052 0.045039892895147204 19
1715063148479 0.03575271926820278 20
1715063156480 0.0778552875854075 21
1715063164252 0.031946804374456406 22
1715063171651 0.03760347329080105 23
1715063191718 0.040098067140206695 24
1715063199506 0.10036898963153362 25
1715063207429 0.07720837742090225 26
1715063216886 0.052221779711544514 27
1715063236732 0.04110819660127163 28
1715063244356 0.03722219169139862 29
1715063251951 0.061612218618392944 30
1715063260418 0.038959357887506485 31
1715063278325 0.0315475151874125 32
1715063288498 0.10270321927964687 33
1715063298519 0.06478964723646641 34
1715063306306 0.053797245025634766 35
1715063324901 0.08180491626262665 36
1715063329156 0.08964294195175171 37
1715063333164 0.046102285385131836 38
1715063337883 0.05244113504886627 39
1715063351129 0.04901019483804703 40
1715063355162 0.03236733842641115 41
1715063359021 0.039402008056640625 42
1715063362925 0.03354036249220371 43
1715063377181 0.05295039527118206 44
1715063381045 0.05823991261422634 45
1715063385010 0.07401781715452671 46
1715063389129 0.02519114688038826 47
1715063404535 0.0801955796778202 48
1715063408815 0.03749339282512665 49
1715063413011 0.0627839071676135 50
1715063416999 0.045653254725039005 51
1715063431400 0.01899226661771536 52
1715063435428 0.024058979004621506 53
1715063439886 0.07576737133786082 54
1715063443942 0.062018999829888344 55
1715063456079 0.04752406105399132 56
1715063460043 0.025044590700417757 57
1715063464152 0.08071980811655521 58
1715063468680 0.03646923415362835 59
1715063480549 0.026010628789663315 60
1715063484690 0.08481291495263577 61
1715063489220 0.04570582136511803 62
1715063493738 0.02453648718073964 63
1715063506019 0.11042007245123386 64
1715063510276 0.04372658068314195 65
1715063514990 0.06032918766140938 66
1715063519294 0.02700249943882227 67
1715063532023 0.029512302950024605 68
1715063536359 0.016379307955503464 69
1715063541932 0.05596134625375271 70
1715063546467 0.021267302334308624 71
1715063558611 0.04029302252456546 72
1715063562855 0.029639262706041336 73
1715063567336 0.02847154252231121 74
1715063571885 0.05570914223790169 75
1715063583860 0.021455660462379456 76
1715063588071 0.018742740154266357 77
1715063592355 0.03666525334119797 78
1715063596641 0.01561015471816063 79
1715063610211 0.058458203449845314 80
1715063614786 0.04475296288728714 81
1715063619040 0.046279752627015114 82
1715063623414 0.059434037655591965 83
1715063634195 0.0064041875302791595 84
1715063638757 0.035759083926677704 85
1715063643043 0.07022234611213207 86
