1715066925408 0.5754867736250162 0
1715066929101 0.3513362817466259 1
1715066933327 0.32100769132375717 2
1715066937043 0.3438226543366909 3
1715066945303 0.18987009767442942 4
1715066949046 0.24557165056467056 5
1715066952652 0.2555139120668173 6
1715066956342 0.23982797283679247 7
1715066965041 0.21452088840305805 8
1715066968705 0.2098152944818139 9
1715066972361 0.1485897060483694 10
1715066976236 0.13680216297507286 11
1715066984202 0.1401502601802349 12
1715066988135 0.16095465514808893 13
1715066992238 0.20640273578464985 14
1715066996346 0.19335147365927696 15
1715067004287 0.2586179804056883 16
1715067008327 0.12444831430912018 17
1715067012643 0.1551508754491806 18
1715067016832 0.06396062858402729 19
1715067025340 0.14850562252104282 20
1715067029683 0.13259456725791097 21
1715067033736 0.1441660188138485 22
1715067038098 0.12562711164355278 23
1715067046951 0.12630101945251226 24
1715067051044 0.09836577251553535 25
1715067055653 0.13185911066830158 26
1715067060994 0.10545799229294062 27
1715067070187 0.07389547862112522 28
1715067074344 0.1236763447523117 29
1715067078481 0.1096151601523161 30
1715067082862 0.0989210857078433 31
1715067096339 0.0744103416800499 32
1715067100451 0.06581867020577192 33
1715067104561 0.05488346517086029 34
1715067108584 0.15648230351507664 35
1715067116737 0.09044543374329805 36
1715067136559 0.040807392448186874 37
1715067140792 0.04086339566856623 38
1715067144931 0.13371407985687256 39
1715067153926 0.15263209445402026 40
1715067158046 0.10216410551220179 41
1715067162072 0.09791567549109459 42
1715067166108 0.0911400318145752 43
1715067174918 0.05935247801244259 44
1715067178922 0.13469938188791275 45
1715067184261 0.05708814412355423 46
1715067188634 0.08637302578426898 47
1715067197435 0.09775169799104333 48
1715067201805 0.16879798471927643 49
1715067206082 0.07728902623057365 50
1715067210323 0.1126147136092186 51
1715067219320 0.07004006952047348 52
