1745051723705 0.09397236506144206 0
1745051740972 0.029564715818398528 1
1745051759474 0.015722274573312864 2
1745051776803 0.016576616746735655 3
1745051812562 0.001979006661309136 4
1745051830011 0.02151462753924231 5
1745051847179 0.015361980017688539 6
1745051864244 0.040490140879733696 7
1745051898629 0.014049150049686432 8
1745051915742 0.017597798568507034 9
1745051932785 0.02145407846870108 10
1745051950296 0.017536630750530295 11
1745051984339 0.0 12
1745052001321 0.013427522447374132 13
1745052018324 0.02364419141991271 14
1745052035485 0.008979550355838405 15
