1714847347516 0.29369993042200804 0
1714847349982 0.1143726110458374 1
1714847352491 0.13231766782701015 2
1714847355221 0.06690989527851343 3
1714847360931 0.08684729784727097 4
1714847363547 0.08317064447328448 5
1714847366140 0.06918954104185104 6
1714847368749 0.059535156935453415 7
1714847374605 0.06085353018715978 8
1714847377431 0.026127307675778866 9
1714847380036 0.029487599385902286 10
1714847382729 0.06697701849043369 11
1714847388381 0.044015754014253616 12
1714847390954 0.031495511531829834 13
1714847393898 0.050882209558039904 14
1714847396822 0.0568564273416996 15
1714847403158 0.0491452906280756 16
1714847405980 0.030415449989959598 17
1714847408971 0.05077868513762951 18
1714847411742 0.038606852293014526 19
1714847417541 0.029938554391264915 20
1714847420367 0.06226787343621254 21
1714847423299 0.03002971038222313 22
1714847426058 0.02831781841814518 23
1714847432080 0.03361509367823601 24
1714847434877 0.028474604710936546 25
1714847437756 0.03215562738478184 26
1714847440512 0.025999859906733036 27
1714847446637 0.03819049149751663 28
1714847449636 0.03701000101864338 29
1714847452467 0.019799381494522095 30
1714847455438 0.01537071168422699 31
1714847461721 0.020899618044495583 32
1714847464643 0.03829340450465679 33
1714847467501 0.01549026183784008 34
1714847470502 0.039129793643951416 35
1714847476751 0.022194484248757362 36
1714847479596 0.027450268855318427 37
1714847482547 0.013936705887317657 38
1714847485436 0.03879437921568751 39
1714847491580 0.018260732293128967 40
1714847494547 0.016496628522872925 41
1714847497419 0.029138779267668724 42
1714847500193 0.04696295503526926 43
1714847506263 0.03534697229042649 44
1714847509049 0.03146241046488285 45
1714847511784 0.019307643175125122 46
1714847514931 0.006842233240604401 47
1714847521168 0.013453496620059013 48
1714847524031 0.019351055845618248 49
1714847526967 0.007834232499590144 50
1714847529768 0.028279908001422882 51
1714847535802 0.04329014150425792 52
1714847538876 0.01232067309319973 53
1714847541714 0.02475434448570013 54
1714847544975 0.008493227884173393 55
1714847551024 0.010296722874045372 56
1714847554111 0.024885811842978 57
1714847557095 0.0311749130487442 58
1714847559889 0.016421980690211058 59
1714847566444 0.03289640508592129 60
1714847569443 0.008282233029603958 61
1714847572424 0.022296691313385963 62
1714847575363 0.01682330295443535 63
