1714893358222 0.30772170424461365 0
1714893360739 0.1569862738251686 1
1714893363413 0.18521909601986408 2
1714893365830 0.11912870779633522 3
1714893371727 0.1276082769036293 4
1714893374372 0.13018032908439636 5
1714893377018 0.04061962807463715 6
1714893379595 0.08713468795758672 7
1714893385919 0.12445146776735783 8
1714893388586 0.05926589202135801 9
1714893391176 0.0756731741130352 10
1714893393843 0.07050791662186384 11
1714893399501 0.08343463949859142 12
1714893402011 0.04662051796913147 13
1714893404583 0.04111426044255495 14
1714893407137 0.06839272426441312 15
1714893413179 0.07499800249934196 16
1714893415929 0.031933773308992386 17
1714893418696 0.05205484665930271 18
1714893421118 0.043760340893641114 19
1714893427004 0.044969876762479544 20
1714893429796 0.03914696164429188 21
1714893432439 0.09647751599550247 22
1714893435047 0.0458828154951334 23
1714893440655 0.061321029148530215 24
1714893443426 0.02168608410283923 25
1714893446038 0.05812311079353094 26
1714893448627 0.05999241769313812 27
1714893454379 0.052579283714294434 28
1714893457033 0.019387278705835342 29
1714893459681 0.029727788642048836 30
1714893462323 0.042524314019829035 31
1714893468204 0.05665040947496891 32
1714893470809 0.04322410374879837 33
1714893473554 0.024501003324985504 34
1714893476198 0.041521066799759865 35
1714893482211 0.049990156665444374 36
1714893484831 0.020150835625827312 37
1714893487502 0.05146993650123477 38
1714893490575 0.01752542145550251 39
1714893496447 0.016969431191682816 40
1714893499287 0.03774927742779255 41
1714893502058 0.06491788220591843 42
1714893504911 0.010417096316814423 43
1714893510673 0.028664538636803627 44
1714893513469 0.024020406417548656 45
1714893516341 0.038296474143862724 46
1714893519126 0.042204346507787704 47
1714893525025 0.023132435977458954 48
1714893527796 0.027411860413849354 49
1714893530742 0.047823906410485506 50
1714893533392 0.0506051704287529 51
1714893539066 0.01835050992667675 52
1714893541822 0.04284105636179447 53
1714893544724 0.05544166825711727 54
1714893547606 0.022893648594617844 55
1714893553619 0.02288024127483368 56
1714893556667 0.026622416451573372 57
1714893559655 0.031009413301944733 58
1714893562429 0.018949924036860466 59
1714893569005 0.051200009882450104 60
1714893571554 0.02582974173128605 61
1714893574586 0.01705821231007576 62
1714893577538 0.009135918691754341 63
1714893583677 0.08768906071782112 64
1714893586574 0.018347984179854393 65
1714893589384 0.04070158861577511 66
1714893592212 0.029831014573574066 67
1714893598293 0.0402058094041422 68
1714893600996 0.035680752247571945 69
1714893603748 0.03308480978012085 70
1714893606604 0.05407855659723282 71
1714893612826 0.049610527232289314 72
1714893615789 0.034189765981864184 73
1714893618544 0.03530335612595081 74
1714893621404 0.022295852191746235 75
1714893627400 0.04089572583325207 76
1714893630081 0.007804300636053085 77
1714893634753 0.014283968135714531 78
1714893637747 0.01364942453801632 79
1714893643583 0.029671646654605865 80
1714893646393 0.046403251588344574 81
1714893649164 0.01426897943019867 82
1714893652039 0.038341883569955826 83
1714893657926 0.02176130993757397 84
1714893660781 0.024265654385089874 85
1714893663672 0.03219696972519159 86
1714893666946 0.029450424015522003 87
1714893673210 0.019183220341801643 88
1714893676071 0.01028304104693234 89
1714893678982 0.01943160593509674 90
1714893682278 0.03219119188725017 91
1714893688523 0.04356566071510315 92
1714893691377 0.03940625675022602 93
1714893694129 0.030900876503437757 94
1714893696917 0.009857174009084702 95
