1715065903415 0.2527952454984188 0
1715065906765 0.1138251144438982 1
1715065909775 0.1417757347226143 2
1715065912949 0.1124605517834425 3
1715065919996 0.09288204275071621 4
1715065923138 0.06614338979125023 5
1715065926407 0.08719861693680286 6
1715065929989 0.09364643320441246 7
1715065937019 0.07651736144907773 8
1715065940400 0.05994916893541813 9
1715065943953 0.03342806547880173 10
1715065947332 0.044443024322390556 11
1715065954793 0.05233718082308769 12
1715065958315 0.031353823840618134 13
1715065961836 0.04635416902601719 14
1715065965347 0.06952287256717682 15
1715065972678 0.09078931994736195 16
1715065976391 0.023341622203588486 17
1715065980046 0.03847800754010677 18
1715065984032 0.0465044267475605 19
1715065991553 0.044752487912774086 20
1715065994989 0.06797653064131737 21
1715065999040 0.03981255553662777 22
1715066003010 0.03762896650005132 23
1715066010446 0.057890082825906575 24
1715066013911 0.05245644971728325 25
1715066017644 0.06771792750805616 26
1715066021497 0.035204069688916206 27
1715066029260 0.046043314039707184 28
1715066033370 0.044957518577575684 29
1715066036983 0.025586429983377457 30
1715066040670 0.04445244371891022 31
1715066048279 0.023242682218551636 32
1715066052138 0.03113941289484501 33
1715066055927 0.015739087015390396 34
1715066059793 0.04407579079270363 35
1715066067275 0.01897619478404522 36
1715066070950 0.026599804870784283 37
1715066074549 0.011204302310943604 38
1715066078528 0.039093950763344765 39
1715066086693 0.07327250950038433 40
1715066090382 0.018099041655659676 41
1715066094319 0.04330847365781665 42
1715066098052 0.06228286400437355 43
1715066105759 0.018384061753749847 44
1715066109330 0.029717471450567245 45
1715066113024 0.032272858545184135 46
1715066116678 0.045996711589396 47
1715066124310 0.035235643037594855 48
1715066128070 0.027900179848074913 49
