1714809501000 0.4350187350064516 0
1714809520816 0.21045699156820774 1
1714809543113 0.15534071810543537 2
1714809568192 0.13759327121078968 3
1714809612634 0.12539483793079853 4
1714809637031 0.12217846233397722 5
1714809661083 0.10289892368018627 6
1714809684783 0.07417647261172533 7
1714809726013 0.04989049187861383 8
1714809748934 0.050931353121995926 9
1714809768971 0.09305630763992667 10
1714809789385 0.05362239480018616 11
1714809837964 0.059986287727952003 12
1714809865308 0.032894520089030266 13
1714809887820 0.07060226425528526 14
1714809910460 0.07110894285142422 15
1714809952312 0.05149294692091644 16
1714809974304 0.057704640086740255 17
1714810005175 0.06591151468455791 18
1714810027883 0.038344619795680046 19
1714810074399 0.05351259186863899 20
1714810098803 0.051993729546666145 21
1714810121089 0.06781483255326748 22
1714810146909 0.031246164813637733 23
1714810199767 0.06081756390631199 24
1714810221159 0.07092243060469627 25
1714810244490 0.07050910219550133 26
1714810266077 0.05330598179716617 27
1714810312566 0.036247506737709045 28
1714810334539 0.04542206134647131 29
1714810356783 0.04419750045053661 30
1714810379816 0.025933532044291496 31
1714810426653 0.040993353351950645 32
1714810452885 0.028520576655864716 33
1714810475861 0.03929256112314761 34
1714810499497 0.06442474946379662 35
1714810549556 0.03201487846672535 36
1714810572036 0.042537128552794456 37
1714810593308 0.01638857275247574 38
1714810616182 0.011157190427184105 39
1714810664269 0.04954875633120537 40
1714810687878 0.03626542538404465 41
1714810709760 0.025099368765950203 42
1714810733375 0.03295185603201389 43
1714810774056 0.027500197291374207 44
1714810795723 0.052524199709296227 45
1714810817040 0.024888088926672935 46
1714810843719 0.05413334351032972 47
