1714833062232 0.40528535284101963 0
1714833064807 0.2474073674529791 1
1714833067629 0.2011889722198248 2
1714833070294 0.2192239174619317 3
1714833076324 0.15419263765215874 4
1714833078929 0.2289109919220209 5
1714833081634 0.1823037564754486 6
1714833084390 0.10131984110921621 7
1714833090414 0.13002557028084993 8
1714833093155 0.13946126587688923 9
1714833095857 0.13972440361976624 10
1714833098688 0.08389971125870943 11
1714833105043 0.09476514719426632 12
1714833107843 0.062081647105515 13
1714833110437 0.11762870661914349 14
1714833113295 0.1093907579779625 15
1714833119732 0.12062978930771351 16
1714833122509 0.05185870110290125 17
1714833125420 0.08115644007921219 18
1714833128195 0.06454305909574032 19
1714833134141 0.055983174592256546 20
1714833136918 0.07869787141680717 21
1714833139689 0.10265030525624752 22
1714833142621 0.09241575188934803 23
1714833148561 0.04781471099704504 24
1714833151458 0.09126599878072739 25
1714833154460 0.0728112617507577 26
1714833157362 0.09030071459710598 27
1714833163520 0.047364602563902736 28
1714833166165 0.06417112797498703 29
1714833168748 0.05348262959159911 30
1714833171818 0.04237568797543645 31
1714833177754 0.03442743793129921 32
1714833180543 0.0456803273409605 33
1714833183291 0.06994183454662561 34
1714833186200 0.07226057536900043 35
1714833192321 0.06335386168211699 36
1714833195393 0.10843802616000175 37
1714833198421 0.05521024065092206 38
1714833201272 0.05457606166601181 39
1714833207253 0.08553298562765121 40
1714833210128 0.05686129163950682 41
1714833213041 0.07698220387101173 42
1714833215915 0.10023077204823494 43
1714833221909 0.05794182978570461 44
1714833224951 0.08204096928238869 45
1714833227839 0.026109039783477783 46
1714833230707 0.06426814012229443 47
