1714846489953 0.357232891023159 0
1714846492574 0.17865993175655603 1
1714846495133 0.15308922063559294 2
1714846497825 0.10771825257688761 3
1714846503546 0.09297843649983406 4
1714846506082 0.07984622847288847 5
1714846508752 0.11728643253445625 6
1714846511141 0.053617664612829685 7
1714846516602 0.08340778201818466 8
1714846519019 0.09437209740281105 9
1714846521531 0.08452469995245337 10
1714846524023 0.08267966844141483 11
1714846529421 0.03690960962558165 12
1714846531884 0.04503783257678151 13
1714846534470 0.08525917306542397 14
1714846537099 0.03745982330292463 15
1714846542476 0.06683091260492802 16
1714846545049 0.04837145656347275 17
1714846547544 0.04035022668540478 18
1714846550114 0.06874475069344044 19
1714846555474 0.05191325070336461 20
1714846558016 0.04632885381579399 21
1714846560722 0.06621723668649793 22
1714846563508 0.05169064179062843 23
1714846569154 0.0451699229888618 24
1714846571942 0.020418645814061165 25
1714846574704 0.05153118632733822 26
1714846577342 0.04602145031094551 27
1714846583113 0.015054190531373024 28
1714846585912 0.050978211453184485 29
1714846588885 0.044246094301342964 30
1714846591688 0.014418931677937508 31
1714846598013 0.02428524848073721 32
1714846600645 0.062077946960926056 33
1714846603501 0.03438833728432655 34
1714846606194 0.03399273578543216 35
1714846612668 0.048279065638780594 36
1714846615389 0.052504586055874825 37
1714846618234 0.026036730036139488 38
1714846621140 0.029838912189006805 39
1714846627326 0.023613937199115753 40
1714846630159 0.04101726785302162 41
1714846633277 0.060773362405598164 42
1714846636170 0.03668014891445637 43
1714846642268 0.04776129685342312 44
1714846645135 0.028443647548556328 45
1714846648156 0.048814477398991585 46
1714846651092 0.03713158192113042 47
1714846657381 0.005914725363254547 48
1714846660182 0.0284271202981472 49
1714846662771 0.009527401998639107 50
1714846665601 0.017561068292707205 51
1714846671493 0.043357690796256065 52
1714846674342 0.043394754990004 53
1714846677206 0.02251333510503173 54
1714846680022 0.03533185552805662 55
1714846685654 0.026717108208686113 56
1714846688542 0.019639024510979652 57
1714846691232 0.0038149431347846985 58
1714846694058 0.03783746622502804 59
1714846700342 0.021548094227910042 60
1714846703334 0.018792741000652313 61
1714846706455 0.029405822046101093 62
1714846709207 0.016372928395867348 63
