1718441922623 0.49588949765477863 0
1718441937700 0.20292228673185622 1
1718441952696 0.1488703680889947 2
1718441972768 0.19736507960728236 3
1718441987990 0.09114350218858037 4
1718442024379 0.15478612908295222 5
1718442040112 0.12687076841081893 6
1718442055360 0.15350317183349813 7
1718442070855 0.1466661798102515 8
1718442086275 0.16196102116789138 9
1718442116967 0.16934042317526682 10
1718442132412 0.08482860667364937 11
1718442147741 0.12355161564690727 12
1718442162930 0.07238723976271492 13
1718442178540 0.20196540015084402 14
1718442210879 0.09955585428646632 15
1718442226540 0.055878596646445136 16
1718442242045 0.1097725544657026 17
1718442257441 0.08912960972104754 18
1718442272578 0.10407754778862 19
1718442303918 0.06427348937307086 20
1718442319285 0.05535961474691119 21
1718442334881 0.0640181473323277 22
1718442349654 0.09798803286893028 23
1718442364725 0.11073169537952968 24
1718442399327 0.08831518143415451 25
1718442414342 0.11786246725491115 26
1718442429171 0.08588293620518275 27
1718442444493 0.1395832747220993 28
1718442459397 0.0307140690939767 29
1718442489935 0.13599814687456405 30
1718442505244 0.06913987653596061 31
1718442520714 0.034532206399100165 32
1718442535707 0.10983021504112653 33
1718442550697 0.017131788390023366 34
1718442581455 0.11125815766198295 35
1718442596466 0.06536643419946943 36
1718442611403 0.05136116806949888 37
1718442627246 0.09542519705636161 38
1718442642266 0.05145771588597979 39
1718442672336 0.042403229645320346 40
1718442687555 0.02956505332674299 41
1718442702583 0.08600489156586784 42
1718442719890 0.07288221802030291 43
1718442735199 0.09655885824135371 44
1718442767557 0.04539931246212551 45
1718442782797 0.04851004481315613 46
1718442797927 0.11583342722484044 47
1718442813269 0.0758993285042899 48
1718442828369 0.06622690388134547 49
1718442858974 0.029792015041623796 50
1718442874508 0.055484886680330546 51
1718442889710 0.030190093176705495 52
1718442904936 0.05119853360312326 53
1718442920229 0.02039060422352382 54
1718442951492 0.06457029921667916 55
1718442966917 0.055388560252530236 56
1718442983525 0.034835368394851685 57
1718442998761 0.07892678465162005 58
1718443014368 0.0836324053151267 59
1718443046601 0.049315840005874634 60
1718443061977 0.063390137893813 61
1718443077379 0.05838636841092791 62
1718443092598 0.05628033195223127 63
1718443109740 0.0431400111743382 64
