1714833967867 0.49178844690322876 0
1714833970522 0.31693052873015404 1
1714833973384 0.219703221693635 2
1714833976126 0.2510721553117037 3
1714833982407 0.15746425185352564 4
1714833985006 0.1839395873248577 5
1714833987471 0.1295149177312851 6
1714833990276 0.12919875141233206 7
1714833996406 0.16990024037659168 8
1714833999236 0.08820591308176517 9
1714834002022 0.14823229750618339 10
1714834004842 0.1191444955766201 11
1714834011000 0.150253564119339 12
1714834014003 0.09009316191077232 13
1714834016865 0.08007405325770378 14
1714834019795 0.13118580216541886 15
1714834026131 0.11356927454471588 16
1714834029188 0.10372066870331764 17
1714834032181 0.07711294619366527 18
1714834035042 0.09284912142902613 19
1714834041419 0.08774305251426995 20
1714834044277 0.05551919713616371 21
1714834047198 0.07249380648136139 22
1714834050151 0.05556365445954725 23
1714834056220 0.05442328844219446 24
1714834059266 0.05669095367193222 25
1714834062274 0.06227658782154322 26
1714834065583 0.07051696674898267 27
1714834072021 0.09682224504649639 28
1714834075047 0.062255709897726774 29
1714834077761 0.05435483204200864 30
1714834080988 0.08477852307260036 31
1714834087464 0.06451905705034733 32
1714834090224 0.10865820955950767 33
1714834093110 0.03241238370537758 34
1714834095996 0.04969825269654393 35
1714834102161 0.07152618560940027 36
1714834105101 0.056662602350115776 37
1714834108160 0.02771718055009842 38
1714834111020 0.030217429623007774 39
1714834117510 0.05192011734470725 40
1714834120759 0.06319875700864941 41
1714834123730 0.05060915416106582 42
1714834126778 0.04979167506098747 43
1714834133612 0.059428777545690536 44
1714834136561 0.09321283735334873 45
1714834139522 0.05287022329866886 46
1714834142536 0.06995969265699387 47
1714834148937 0.04964902438223362 48
1714834151960 0.05649646930396557 49
1714834154804 0.03754325956106186 50
1714834158082 0.08414514781907201 51
1714834164097 0.0291567612439394 52
1714834167220 0.0870948676019907 53
1714834170442 0.05448727123439312 54
1714834173462 0.060058070346713066 55
1714834179561 0.03225591406226158 56
1714834182654 0.03914288291707635 57
1714834185440 0.03285856731235981 58
1714834188414 0.01833421364426613 59
1714834194933 0.03231368190608919 60
1714834197874 0.027896814048290253 61
1714834200869 0.060923231998458505 62
1714834204163 0.06834889575839043 63
