1715065619991 0.40654703974723816 0
1715065625031 0.2408516351133585 1
1715065628964 0.19087078049778938 2
1715065632745 0.13644001679494977 3
1715065640916 0.09269112348556519 4
1715065644725 0.14614874124526978 5
1715065648734 0.12544669955968857 6
1715065652588 0.13192259147763252 7
1715065661152 0.13924659229815006 8
1715065665359 0.14182091504335403 9
1715065669563 0.1025119312107563 10
1715065673932 0.1374459258513525 11
1715065683411 0.07493588421493769 12
1715065687896 0.131851801648736 13
1715065692555 0.11029239743947983 14
1715065697131 0.07456595078110695 15
1715065706058 0.0554206520318985 16
1715065710686 0.09011000767350197 17
1715065716398 0.08607857674360275 18
1715065722240 0.04858171194791794 19
1715065731654 0.07815830409526825 20
1715065736088 0.07226208038628101 21
1715065741169 0.06679531745612621 22
1715065745900 0.07331036310642958 23
1715065759207 0.09396398905664682 24
1715065763982 0.059027571231126785 25
1715065768563 0.05866312421858311 26
1715065773392 0.059018805623054504 27
1715065782510 0.08572923950850964 28
1715065786969 0.02070179581642151 29
1715065791569 0.051621463149785995 30
1715065796297 0.051823895424604416 31
1715065805983 0.05931290611624718 32
1715065811143 0.10043052211403847 33
1715065816298 0.05555231310427189 34
1715065821578 0.0573233924806118 35
1715065831000 0.03264348581433296 36
1715065835769 0.02330760285258293 37
1715065841403 0.028278272598981857 38
1715065846880 0.02715349569916725 39
1715065856211 0.03834781050682068 40
1715065861118 0.041091077495366335 41
1715065866419 0.039946023374795914 42
